1.24031,4.77298,-1.83987,0.13957,-211,1
0.221361,4.74693,1.89697,0.13957,211,1
1.19199,-4.23319,-1.52948,0.13957,211,1
0.233303,-6.18118,-1.77792,0.13957,-211,1
0.916834,-4.58436,-2.25794,0.13957,211,1
0.284593,-5.48686,-0.764043,0.13957,211,1
0.470997,-3.33632,-0.0624344,0.13957,-211,1
0.862708,5.82872,2.16484,0.49368,-321,1
0.626596,5.80996,-2.35988,0.49368,321,1
0.629361,6.37132,0.38287,0.13957,-211,1
0.45881,6.02239,-2.19315,0.13957,211,1
1.00529,4.14994,-0.285641,0.13957,-211,1
0.785364,5.8607,0.254479,0.49368,321,1
1.57711,4.86358,-0.727128,0.13957,211,1
2.29262,1.36854,-2.59165,0.13957,-211,1
2.24465,2.77664,-2.8366,0.13957,-211,1
0.734569,2.72562,2.57722,0.13957,211,1
0.787876,3.23965,1.87571,0.13957,211,1
1.77917,3.39915,2.44421,0.13957,-211,1
0.173325,2.89325,2.63822,0.13957,-211,1
2.37771,4.13253,-3.03967,0.13957,211,1
0.329527,-0.0721964,-3.03353,0.49368,321,1
0.342977,-1.13445,-1.3249,0.49368,-321,1
0.565334,1.61054,2.72934,0.93827,2212,1
0.17747,3.54833,1.45025,0.93827,-2212,1
0.711786,1.66428,2.42616,0.13957,-211,1
0.497213,3.99258,-0.3055,0.13957,211,1
0.180622,3.54975,-1.97213,0.13957,-211,1
0.322906,5.61024,-0.0622278,0.13957,211,1
0.0992556,7.07975,0.791487,0.13957,211,1
0.302148,6.34273,3.0965,0.13957,-211,1
0.256992,-0.382137,-2.97718,0.13957,211,1
4.40044,-0.612186,2.75323,0.13957,-211,1
0.751083,0.137353,2.16261,0.49368,-321,1
0.74158,1.20735,-3.01033,0.93957,2112,0
0.245675,1.04028,1.84129,0.93957,-2112,0
1.86706,-1.48099,-1.50522,0.49368,-321,1
0.985539,-1.90868,-1.01773,0.13957,211,1
0.49955,-2.36514,3.13698,0.13957,211,1
0.926848,-1.89088,-2.96154,0.13957,-211,1
0.854358,2.05676,-0.0830684,0.13957,211,1
0.262603,6.68016,-1.34793,0.49368,321,1
0.0947996,6.97444,0.917676,0.49368,-321,1
0.465671,3.09056,0.135827,0.49368,321,1
0.319878,3.80789,-2.17527,0.49368,-321,1
0.401452,-3.50507,-2.59277,0.49368,321,1
0.170771,3.08262,-2.50221,0.13957,-211,1
0.0600147,2.06337,-0.655849,0.13957,-211,1
0.0828671,4.77715,-0.0369272,0.13957,211,1
1.28153,0.65728,0.58458,0.13957,-211,1
0.857307,0.586054,-0.658951,0.49368,321,1
2.34183,0.29888,0.0657686,0.13957,-211,1
3.07999,0.46128,0.0488505,0.13957,-211,1
5.75956,0.249797,-0.0638733,0.13957,211,1
2.06791,0.831415,-0.618608,0.13957,-211,1
9.00535,0.880601,-0.640636,0.93827,-2212,1
2.04838,0.621121,-0.747659,0.13957,211,1
5.95763,0.818377,-0.6851,0.93957,-2112,0
1.79826,1.32676,-1.24286,0.13957,-211,1
1.96456,1.48495,-1.09265,0.93957,2112,0
3.89069,1.09958,-0.983258,0.93827,-2212,1
2.89557,1.21952,-1.21994,0.13957,211,1
0.129581,-0.556049,-2.89712,0.13957,-211,1
0.60066,1.41621,-1.16663,0.13957,211,1
0.196419,1.57027,-1.64672,0.13957,211,1
0.36622,-0.384278,-0.065913,0.13957,-211,1
0.386555,-5.82146,2.95577,0.13957,-211,1
0.143485,-7.06273,-2.658,0.13957,211,1
0.868574,-6.34407,-2.27341,0.13957,-211,1
0.838862,-5.65624,2.81347,0.13957,-211,1
0.233839,-4.62224,0.46226,0.13957,211,1
1.37281,-0.670357,0.799751,0.13957,211,1
1.85584,0.618204,2.19961,0.13957,211,1
1.04693,0.168083,1.6372,0.13957,-211,1
0.473709,0.0596124,1.29045,0.13957,211,1
0.189307,-0.249927,-0.448428,0.49368,-321,1
2.07074,0.797061,-0.456406,0.13957,211,1
0.392524,0.0903916,0.50843,0.93957,-2112,0
3.01106,-3.11082,-1.53441,0.13957,-211,1
1.10768,-2.86095,-1.1653,0.13957,211,1
0.534764,-3.90724,0.223452,0.13957,-211,1
5.84275,-3.23341,-0.38556,0.13957,211,1
1.00582,-3.38199,-0.203289,0.13957,211,1
1.45002,-3.17424,-0.323087,0.13957,-211,1
0.336291,-0.184362,2.42062,0.13957,-211,1
14.4767,-0.94435,2.42872,0.49368,-321,1
5.21222,-0.989203,2.37679,0.13957,211,1
1.46349,-0.914925,2.60546,0.13957,-211,1
2.63343,0.175332,-0.741876,0.13957,211,1
5.9267,0.172381,-0.546255,0.93957,2112,0
12.5095,0.0420831,-0.72434,0.93957,-2112,0
20.8068,-0.00564494,-0.692352,0.93957,2112,0
3.63214,0.0389476,-0.700553,0.13957,211,1
8.67252,0.0346085,-0.647056,0.13957,-211,1
14.0485,-0.0553593,-0.728524,0.13957,211,1
1.97065,0.153987,-0.638013,0.13957,-211,1
2.07265,-0.0877348,-0.446716,0.49368,321,1
0.0417585,-1.60524,-2.08728,0.13957,-211,1
6.05969,-0.0802673,-0.00420237,0.13957,211,1
7.59351,-0.264654,0.133155,0.13957,-211,1
3.95533,-0.0896792,-0.0306882,0.13957,211,1
3.87095,-0.415181,0.0119643,0.13957,211,1
14.8891,-0.284512,0.0144514,0.13957,211,1
6.51448,-0.1804,0.0573294,0.13957,-211,1
8.03609,-0.138544,0.0553315,0.93827,2212,1
12.5066,-0.323248,-0.0119895,0.93957,-2112,0
0.523534,-2.06459,1.66266,0.13957,211,1
0.607439,-3.64231,1.05332,0.13957,-211,1
0.3492,3.16254,-2.62555,0.13957,-211,1
0.462979,3.06689,-0.799759,0.13957,-211,1
0.217651,1.23502,-2.80308,0.13957,-211,1
0.904875,2.28505,2.76823,0.13957,211,1
0.262838,1.4112,0.721708,0.13957,-211,1
2.23946,1.32164,1.60822,0.13957,-211,1
0.328523,2.48351,0.905173,0.13957,211,1
0.261189,1.42818,-0.055187,0.13957,-211,1
0.275975,1.29385,-3.02735,0.49368,-321,1
0.479126,0.426996,-1.6613,0.13957,-211,1
1.28729,-1.17408,-1.52168,0.13957,211,1
0.797248,-1.34046,-2.24108,0.13957,-211,1
0.169469,-2.11737,0.936703,0.49368,321,1
0.409825,-3.74574,-2.01351,0.13957,-211,1
0.556898,-7.39339,1.06873,0.13957,-211,1
1.30288,4.04412,1.53571,0.13957,-211,1
2.37361,4.42658,1.37872,0.93827,2212,1
1.09259,3.90735,1.07177,0.93827,-2212,1
0.191899,-5.41912,-2.29956,0.13957,-211,1
0.518223,-3.97612,-0.364945,0.13957,211,1
0.344917,-0.983634,-2.79613,0.93827,2212,1
0.548681,1.40695,2.37137,0.93957,-2112,0
0.853621,1.3004,1.99019,0.13957,-211,1
0.491837,5.06621,-0.754983,0.13957,211,1
0.164691,4.09878,-1.76316,0.13957,211,1
0.273829,6.04964,-0.530684,0.13957,-211,1
0.346784,-3.13819,-2.47453,0.13957,-211,1
1.18088,-4.18674,-2.44731,0.13957,211,1
1.03904,-5.36206,-1.28271,0.13957,-211,1
0.392037,-4.57618,-1.28055,0.13957,211,1
0.452935,-6.11155,1.19586,0.13957,-211,1
0.256828,-5.63435,-2.57339,0.13957,211,1
0.678331,-5.67131,0.658792,0.13957,211,1
0.113035,-4.19831,0.0476059,0.13957,-211,1
0.628569,5.19848,1.59039,0.49368,321,1
0.127855,6.82417,0.627806,0.13957,-211,1
0.29503,6.01945,1.86249,0.13957,211,1
0.518831,5.41017,-1.4231,0.13957,-211,1
0.977173,5.63362,1.21535,0.49368,-321,1
0.0930672,5.42386,-0.265002,0.13957,211,1
0.435355,4.54798,-0.0749119,0.49368,-321,1
0.59271,4.87036,-0.874167,0.13957,211,1
0.0474032,5.57762,0.164215,0.13957,-211,1
1.14558,0.809857,-2.85778,0.49368,-321,1
0.2016,0.172097,-1.76279,0.13957,211,1
0.301343,1.98051,1.96903,0.13957,211,1
1.35978,1.97099,-2.38469,0.49761,130,0
1.55444,2.92879,-2.56521,0.13957,-211,1
0.110152,2.93531,3.10735,0.13957,211,1
1.49525,4.44532,2.23603,0.13957,211,1
1.16541,4.67307,2.63382,0.13957,-211,1
1.40722,3.60764,-3.04848,0.13957,211,1
0.19114,5.24116,-3.02003,0.13957,-211,1
0.692848,4.41714,-2.18494,0.49761,130,0
0.480134,1.44507,-1.52093,0.13957,211,1
0.499869,3.88554,-1.6254,0.13957,-211,1
10.4517,-0.601696,2.87975,0.13957,-211,1
0.227361,-0.1641,-2.9403,0.13957,211,1
0.424289,0.40345,-2.26917,0.49761,130,0
0.607765,-0.00271846,2.83513,0.13957,211,1
0.344473,1.11439,1.31527,0.13957,211,1
0.141132,-1.12825,2.42435,0.13957,-211,1
0.547194,-1.65084,0.389397,0.13957,-211,1
0.717193,4.98538,-1.63487,0.13957,211,1
0.339608,5.1604,1.85954,0.13957,-211,1
0.115934,-2.5788,0.139272,0.49368,-321,1
0.419496,0.557782,-2.54917,0.13957,211,1
0.483597,2.44107,-2.74601,0.93827,2212,1
0.23112,2.92954,1.36669,0.13957,211,1
0.859339,6.57013,-2.99117,0.13957,211,1
0.219443,5.74094,1.46829,0.13957,-211,1
0.893149,5.30202,2.0536,0.49761,130,0
0.919247,4.31066,1.92551,0.13957,-211,1
0.621616,4.08446,-1.61379,0.49761,130,0
0.427275,2.06063,0.474917,0.49368,321,1
0.126279,1.73855,-3.01666,0.13957,-211,1
0.512385,2.32421,-1.62688,0.49761,130,0
1.79365,0.120515,-0.0679941,0.13957,211,1
1.91715,0.552587,-0.295338,0.13957,211,1
0.559646,0.180099,-0.626297,0.13957,-211,1
2.27216,0.691233,-0.732874,0.93827,2212,1
2.66599,0.85602,-0.5185,0.13957,211,1
4.31433,0.910556,-0.573,0.93957,2112,0
0.903672,0.911426,-0.939537,0.13957,-211,1
2.95472,0.739021,-0.933672,0.13957,211,1
2.27445,1.13117,-1.26581,0.13957,211,1
0.618427,0.757009,-1.89704,0.13957,-211,1
1.42299,0.554961,-0.334858,0.13957,-211,1
1.03346,-0.166809,-0.272375,0.13957,211,1
0.572598,-6.01491,-2.59907,0.13957,211,1
1.27351,-3.73448,2.57706,0.13957,-211,1
0.176784,-3.80497,-0.252823,0.13957,211,1
0.101422,-5.00953,2.27886,0.49761,130,0
0.327604,-3.63602,0.616795,0.49368,-321,1
0.672913,-3.41807,0.0280361,0.93827,2212,1
0.333345,-3.22343,0.52614,0.13957,211,1
0.171339,-3.32603,-2.3612,0.13957,211,1
0.610683,-3.5503,1.21084,0.13957,-211,1
0.939585,-3.65747,0.650265,0.93827,-2212,1
0.151412,-2.60698,1.65787,0.13957,-211,1
1.97396,-1.56857,0.835903,0.13957,211,1
0.41247,-2.61677,2.29813,0.13957,-211,1
0.966512,0.281846,0.889839,0.13957,-211,1
0.478888,-0.532209,1.89696,0.13957,211,1
0.191846,0.835106,-1.83032,0.13957,-211,1
0.97005,-0.179863,-2.90282,0.13957,211,1
0.152787,-1.028,1.76796,0.13957,-211,1
0.143362,-1.19014,-0.689314,0.13957,-211,1
0.417595,0.119491,-2.70708,0.13957,211,1
0.306126,-1.23841,-1.63233,0.13957,-211,1
0.632765,-0.160696,-0.312703,0.13957,211,1
1.0388,0.364532,-1.25943,0.49368,321,1
0.51156,-0.0369485,-0.494103,0.13957,-211,1
1.54651,0.201785,0.154536,0.93957,2112,0
0.924931,0.119458,0.350135,0.13957,-211,1
0.521897,0.825601,-1.06153,0.13957,211,1
1.72483,-3.60644,-0.692948,0.13957,-211,1
11.8531,-3.26265,-0.368553,0.13957,211,1
2.54941,-3.38779,-0.341336,0.13957,-211,1
6.36195,-3.27091,-0.398383,0.13957,-211,1
0.922268,-3.42701,-0.736083,0.13957,211,1
0.372719,-2.43015,-0.921298,0.49368,321,1
0.495534,-2.39679,2.09274,0.49761,130,0
1.37605,-0.989669,2.67757,0.49761,130,0
1.325,0.0959785,-0.213379,0.13957,-211,1
14.6344,0.0350923,-0.776225,0.13957,-211,1
16.2747,-0.0324076,-0.730193,0.93957,-2112,0
4.83055,0.0128852,-0.709729,0.13957,211,1
8.09535,-0.0243291,-0.749207,0.13957,-211,1
2.8872,-0.118282,-0.707813,0.49761,130,0
20.0233,-0.159308,0.0612247,0.13957,-211,1
2.29186,-0.0342629,0.0989596,0.13957,-211,1
0.820202,-3.68945,-0.337496,0.13957,-211,1
0.206249,-4.78331,-1.64856,0.13957,211,1
0.337584,-5.09852,-2.54323,0.13957,211,1
0.381905,-7.64797,-0.397056,0.13957,-211,1
1.46825,3.22768,-1.31939,0.13957,211,1
1.54205,3.31748,-0.447022,0.13957,-211,1
0.203516,4.36891,0.0698954,0.13957,211,1
0.169826,2.40736,2.55813,0.13957,211,1
0.878343,2.77621,0.127107,0.13957,-211,1
0.875294,2.07741,-0.00788849,0.13957,211,1
0.672859,2.89217,-0.230613,0.13957,-211,1
0.436009,2.64859,0.813182,0.13957,211,1
0.21896,1.2657,-1.86367,0.13957,-211,1
0.84279,2.78482,-2.9781,0.13957,211,1
0.868219,2.18897,2.12075,0.49368,321,1
0.643178,2.15696,2.04723,0.49368,-321,1
0.299884,2.25266,-2.67409,0.13957,211,1
1.54405,1.69457,1.63971,0.13957,211,1
0.24886,1.81137,-3.06575,0.13957,211,1
0.65479,0.981149,-0.188624,0.13957,211,1
0.474172,-0.500064,-0.426866,0.13957,-211,1
1.33452,-0.806503,-1.26862,0.13957,211,1
0.903824,-0.203103,-1.51677,0.13957,-211,1
0.270692,-2.16667,2.71294,0.49761,130,0
0.657426,-3.37667,-2.46606,0.13957,211,1
1.61121,3.85592,0.52814,0.49761,130,0
0.613273,4.41146,1.71643,0.13957,211,1
0.745069,4.38064,0.578943,0.13957,-211,1
0.55076,-3.21378,-2.98253,0.13957,-211,1
1.24859,3.49249,1.18083,0.93827,2212,1
0.0495485,3.54076,-0.445606,0.13957,211,1
1.55147,1.86206,2.94546,0.49761,130,0
0.517777,3.67919,-2.87169,0.49761,130,0
1.15983,-1.09099,-0.505266,0.49761,130,0
2.72008,-1.4495,0.645764,0.49761,130,0
0.253279,-2.26144,-0.647452,0.49761,130,0
0.240986,-1.94768,0.727901,0.49761,130,0
0.349932,4.3971,2.78335,0,22,0
0.163883,4.62057,2.26015,0,22,0
1.57446,4.55199,-1.55134,0,22,0
1.9761,4.53128,-1.47766,0,22,0
0.0789929,-3.31108,0.928,0,22,0
0.364024,-2.8268,0.289124,0,22,0
0.241261,-2.87711,-0.90884,0,22,0
1.02983,-2.96368,-0.651552,0,22,0
0.28082,-3.31834,-2.51351,0.13957,211,1
0.536789,-4.08334,-2.49178,0.13957,-211,1
0.00855902,-5.49716,-0.513533,0,22,0
0.708624,-4.20396,-1.60926,0,22,0
0.408425,-3.0122,-1.13703,0,22,0
1.17581,-3.16978,-1.24566,0.93957,-2112,0
0.0260512,-3.8109,-0.345852,0.13957,211,1
1.16524,-2.72391,-1.00282,0,22,0
0.162535,-3.01502,-1.10706,0,22,0
0.537952,2.49523,-2.90762,0,22,0
0.277701,1.5939,2.05028,0,22,0
0.0719202,1.16053,2.92754,0,22,0
0.16683,5.00352,2.20146,0,22,0
0.203378,5.71212,2.08516,0,22,0
0.093503,5.68898,2.42074,0.13957,211,1
0.400441,4.43982,2.26416,0.13957,-211,1
0.130392,4.42133,-2.5251,0.13957,211,1
0.147689,3.70103,-1.09121,0.13957,-211,1
0.0754683,3.9285,-1.36256,0.13957,211,1
0.181068,3.82475,-2.97985,0.13957,-211,1
0.135603,5.88962,0.14847,0.13957,211,1
0.344573,5.40783,1.37806,0.13957,-211,1
0.0855664,7.67312,-1.6322,0.13957,211,1
0.10143,9.37682,-1.67181,0.13957,-211,1
13.5307,-0.581529,2.84471,0.13957,-211,1
9.33853,-0.600828,2.86825,0.13957,211,1
15.2678,-0.572106,2.86563,0.13957,-211,1
1.48177,-0.751436,2.81163,0,22,0
1.86152,-0.674544,2.83789,0,22,0
0.188575,-0.611708,3.05335,0,22,0
0.831053,-0.275386,3.09891,0,22,0
0.0875736,-0.890092,2.79589,0.13957,211,1
0.494112,0.325602,-2.65142,0.13957,-211,1
0.555048,-2.20183,-2.43151,0,22,0
0.429331,-1.97345,-2.27619,0,22,0
0.0391864,4.70106,-0.806687,0.13957,211,1
0.578798,2.56018,0.0269818,0.13957,-211,1
0.491964,-2.47705,2.87906,0.13957,211,1
0.182095,-3.77123,2.32651,0.13957,-211,1
0.221462,-0.321805,0.518598,0,22,0
0.370417,0.142081,0.46361,0,22,0
0.0101323,1.31721,0.42149,0,22,0
0.239783,-0.914276,0.141018,0,22,0
0.200132,6.80457,-0.353836,0.13957,211,1
0.12441,6.42792,2.47607,0.13957,-211,1
0.425719,4.82314,-3.12695,0.13957,211,1
0.332773,4.20602,3.13014,0.13957,-211,1
0.409261,3.85047,2.37368,0,22,0
0.627112,3.87743,2.63953,0,22,0
0.857724,0.158108,-0.162978,0.13957,211,1
0.585798,0.814312,-0.384056,0.13957,-211,1
2.46316,0.220299,0.172304,0,22,0
1.32579,0.3115,-0.117824,0,22,0
2.25531,0.682933,0.0727494,0,22,0
0.0836097,0.709922,-1.29208,0,22,0
0.27167,0.94114,-0.590666,0,22,0
0.953234,1.13889,-0.414024,0,22,0
0.582663,0.479223,-1.50803,0,22,0
0.123342,0.922847,1.47937,0,22,0
1.19678,0.481036,-0.366004,0.13957,211,1
0.387867,0.694721,-0.381649,0.13957,-211,1
0.551647,0.814413,-0.638093,0,22,0
0.182877,0.529848,-1.08709,0,22,0
1.97206,0.117264,-0.250784,0,22,0
0.662722,-5.91055,1.60933,0,22,0
0.0385445,-5.48935,2.35682,0,22,0
0.121959,-5.72036,2.83289,0.13957,211,1
1.6093,-5.19233,2.26395,0.13957,-211,1
0.244852,-3.95675,-1.32852,0,22,0
0.0602612,-4.89869,-1.86402,0,22,0
0.228395,-4.61419,1.01622,0.13957,211,1
0.119937,-4.28187,-1.84575,0.13957,-211,1
0.313964,-4.77618,1.67383,0.13957,211,1
1.0823,-5.02731,2.19467,0.13957,-211,1
0.352774,-4.48992,1.54476,0.13957,211,1
0.343225,-3.36618,1.08294,0.13957,-211,1
0.107976,-1.63442,-0.716576,0,22,0
0.0410813,-2.44837,-3.06802,0,22,0
0.148797,-4.20238,0.490466,0.13957,211,1
0.826735,-3.80624,1.01635,0.13957,-211,1
0.10641,-2.60325,0.662105,0,22,0
1.05221,-2.98561,0.540611,0,22,0
0.369063,-1.53919,1.13388,0.13957,211,1
1.15753,-1.29798,0.681489,0.13957,-211,1
0.493638,0.0767674,0.950569,0.13957,211,1
0.18998,0.734092,1.44406,0.13957,-211,1
0.796949,0.189924,1.78953,0.13957,211,1
0.517063,0.0465001,2.36678,0.13957,-211,1
0.0413022,1.01993,-0.611108,0,22,0
0.124805,0.689376,1.75224,0,22,0
0.318503,-0.52919,-2.24872,0,22,0
0.161852,-1.01899,-2.57992,0,22,0
0.443239,-0.59094,0.136539,0.13957,211,1
0.492499,-0.253897,0.515491,0.13957,-211,1
8.08427,-3.27993,-0.357559,0.13957,211,1
10.849,-3.31816,-0.373492,0.13957,-211,1
3.50356,-3.31709,-0.438517,0.13957,211,1
9.4681,-3.34409,-0.372689,0.13957,-211,1
0.189906,-2.96667,0.418946,0,22,0
1.17343,-3.10708,-0.43227,0.13957,211,1
0.768907,-3.52389,-0.173378,0.13957,-211,1
1.59232,-1.17617,2.59696,0.93957,-2112,0
0.547658,-1.3825,2.92278,0.13957,211,1
7.94876,-0.0268496,-0.755126,0,22,0
7.82218,-0.0357951,-0.740531,0,22,0
0.304534,-0.198526,-0.318406,0,22,0
0.157855,0.360161,-0.0755876,0,22,0
1.57816,-0.475507,-0.165998,0,22,0
0.164099,-0.669752,-0.346529,0,22,0
0.610496,-0.0159188,0.113527,0.13957,211,1
4.80224,-0.189616,0.00395321,0.13957,-211,1
17.4221,-0.144616,0.00778812,0,22,0
0.770857,-0.17253,0.031818,0,22,0
0.190902,-1.18549,1.2825,0,22,0
0.705595,-0.350038,-0.0297579,0,22,0
0.145928,-0.658648,-0.478436,0.13957,211,1
0.189262,0.565248,-0.542694,0.13957,-211,1
0.0330452,-1.87229,-0.577611,0,22,0
0.534494,-0.473442,0.491729,0.93827,-2212,1
1.18622,3.7356,-0.689059,0,22,0
0.238674,3.9278,-0.854469,0,22,0
0.383069,3.43473,-0.589725,0,22,0
2.56754,2.92826,-0.797748,0,22,0
0.542624,2.84432,-1.49132,0,22,0
0.589273,2.00859,-1.94074,0,22,0
0.105892,1.77144,1.84538,0,22,0
0.157522,2.27174,2.79542,0,22,0
0.160933,1.09603,-2.98767,0,22,0
0.17098,1.86905,3.11026,0,22,0
0.0531245,1.47377,-2.20629,0,22,0
0.0502352,-0.0559572,0.855157,0,22,0
0.0730294,1.41169,3.11834,0,22,0
0.206166,1.89297,-2.13275,0,22,0
0.607765,-2.08179,-1.45379,0.49368,321,1
0.375775,-2.17181,-1.78321,0.49368,-321,1
0.0369518,-4.06369,-0.781993,0,22,0
0.165646,-4.0366,1.29853,0,22,0
0.0045776,-2.51818,2.85171,0,22,0
0.521864,-4.37112,-1.28341,0,22,0
0.366361,5.94989,0.74717,0.13957,211,1
0.364333,5.82971,-0.143695,0.13957,-211,1
0.25028,5.53207,-0.0409581,0,22,0
0.42926,5.2438,0.253209,0,22,0
0.387323,5.79893,-0.642345,0,22,0
0.475154,6.10398,-0.570104,0,22,0
0.193844,4.15392,1.31638,0,22,0
0.110242,4.80408,0.660654,0,22,0
0.026066,3.62176,-2.40468,0,22,0
0.0986725,5.26087,1.25344,0,22,0
0.227033,-6.63716,1.02516,0,22,0
0.0566316,-6.42683,-0.226589,0,22,0
0.233397,-5.8688,-2.04015,0,22,0
0.23929,-5.85309,-1.46115,0,22,0
0.239397,-2.85897,2.24125,0.13957,211,1
0.410772,-2.53411,0.715054,0.13957,-211,1
0.713686,-1.01175,-0.700616,0,22,0
0.00395429,0.455505,2.10491,0,22,0
0.256376,2.24462,-1.24479,0.13957,211,1
0.176594,0.744628,-1.6803,0.13957,-211,1
0.511757,5.44319,-1.89138,0,22,0
0.0417754,5.90681,-1.07286,0,22,0
0.26427,-3.84164,-2.5173,0,22,0
0.0956828,-4.31196,-1.79817,0,22,0
0.0545438,-3.69218,-0.965577,0,22,0
0.274241,-3.42187,-2.09439,0,22,0
0.30536,-5.04235,-0.359196,0,22,0
0.306908,-5.41991,-0.13477,0,22,0
0.24675,-5.22827,-1.48893,0,22,0
1.30376,-5.36181,-1.68616,0,22,0
0.143102,-4.4001,3.10455,0,22,0
0.187023,-4.42141,-2.32845,0,22,0
0.209922,-3.75284,0.240913,0,22,0
0.124791,-4.36558,0.803415,0,22,0
0.118654,3.72684,-1.01433,0,22,0
0.34244,4.34411,-1.24965,0,22,0
0.672298,4.80454,0.126565,0,22,0
0.522981,4.9113,-0.0748004,0,22,0
0.995499,3.98694,-0.60367,0,22,0
0.850587,3.86432,-0.523256,0,22,0
0.117643,2.15051,-2.67397,0,22,0
0.183478,2.59452,2.78367,0,22,0
1.57088,3.55192,-3.12987,0,22,0
0.00342206,3.7232,0.834845,0,22,0
0.747602,4.02644,2.90235,0,22,0
0.580508,3.97046,2.70493,0,22,0
1.2846,4.2808,2.81525,0,22,0
0.961403,4.19451,2.72977,0,22,0
0.39464,3.49614,-2.87768,0,22,0
0.928377,3.70956,-2.941,0,22,0
0.0890839,3.61273,0.0321075,0,22,0
0.116786,2.49096,-0.573132,0,22,0
0.0668912,4.13971,3.05625,0,22,0
0.230428,5.17841,3.0052,0,22,0
0.108989,-0.815263,2.82919,0,22,0
0.562258,-0.337013,3.08326,0,22,0
0.19453,2.37568,2.42582,0,22,0
0.0201654,1.05555,-1.96424,0,22,0
0.125069,-0.999728,-0.980726,0,22,0
0.227743,-0.500684,-1.61196,0,22,0
0.0942546,-1.82487,1.3803,0,22,0
0.146459,-1.35789,0.277517,0,22,0
0.18438,-1.73628,-1.19813,0,22,0
0.38195,-2.10962,-0.853345,0,22,0
0.43051,-2.206,2.39652,0,22,0
0.0894413,-1.82248,1.81908,0,22,0
0.120554,2.45612,3.0142,0,22,0
0.201975,1.61604,3.02089,0,22,0
0.0786668,6.39723,0.679499,0,22,0
0.240546,5.81036,-0.121769,0,22,0
0.29136,4.9888,2.44364,0,22,0
1.2537,4.85764,2.62458,0,22,0
1.00526,0.352547,0.430669,0.13957,211,1
0.455569,0.337691,-0.163782,0.13957,-211,1
0.0267613,0.34179,0.617966,0,22,0
2.35415,0.463552,0.0879975,0,22,0
0.808094,1.06291,-0.946356,0,22,0
0.211809,1.23746,-1.22274,0,22,0
0.201057,0.767493,-2.0057,0,22,0
0.179623,0.842674,-1.28384,0,22,0
0.0567677,-4.72505,2.99133,0,22,0
0.672093,-4.87576,-2.604,0,22,0
0.210478,-3.60625,1.65679,0,22,0
0.120993,-2.78677,1.58294,0,22,0
0.0915519,-2.28165,1.43563,0,22,0
0.431734,-2.55259,2.0683,0,22,0
0.015918,-2.84478,0.333588,0,22,0
0.348864,-3.64793,2.2093,0,22,0
0.401393,0.107246,0.363709,0,22,0
0.149091,-0.0679448,-0.165594,0,22,0
0.176413,1.45827,1.12498,0,22,0
0.00913423,3.82616,-0.718245,0,22,0
0.113915,-1.42858,-2.21089,0,22,0
0.233201,-1.02798,-1.47079,0,22,0
0.410168,0.0844244,-2.54233,0,22,0
0.159361,0.196233,-2.02046,0,22,0
0.10395,2.0166,0.103745,0,22,0
0.181484,1.18268,0.587069,0,22,0
0.856337,0.0381123,0.242349,0,22,0
0.14532,0.334192,0.000713994,0,22,0
0.11849,0.309855,-1.83366,0,22,0
0.118574,-0.770792,-1.7296,0,22,0
1.42007,-3.36495,-0.236094,0,22,0
0.0899509,-3.13581,0.0648725,0,22,0
3.77428,-3.14486,-0.368416,0,22,0
0.96404,-3.21089,-0.393827,0,22,0
0.00853581,-3.46705,1.40836,0,22,0
0.903794,-2.81132,-0.120477,0,22,0
0.417594,-2.18894,-1.25656,0,22,0
0.368935,-2.27435,-1.59123,0,22,0
1.16162,-0.946255,2.43375,0.93827,2212,1
0.276288,-0.496401,2.63513,0.13957,-211,1
0.0313286,0.0586357,2.323,0,22,0
0.129371,-1.09105,-1.8534,0,22,0
3.66472,0.349163,-0.402094,0,22,0
0.0790614,0.143464,-0.54512,0,22,0
0.399831,0.0761283,-0.771036,0,22,0
12.8944,0.0421565,-0.722248,0,22,0
2.98527,0.0335521,-0.653429,0,22,0
0.523445,-0.0739222,-0.663317,0,22,0
1.48685,-0.177257,0.0668679,0,22,0
0.450473,-0.341752,0.0759369,0,22,0
1.71069,-0.261791,-0.00177548,0,22,0
0.092097,0.0765952,-0.00826395,0,22,0
0.0220419,-5.41958,2.05568,0,22,0
0.214571,-5.58872,-0.662759,0,22,0
0.337349,-4.22126,2.5519,0,22,0
0.421814,-4.51299,2.75799,0,22,0
0.201286,-6.93519,-0.557241,0,22,0
0.0309983,-5.58022,0.360913,0,22,0
0.280688,-5.9735,0.316672,0,22,0
0.291424,-6.43414,0.398929,0,22,0
0.157945,2.94701,-0.850855,0,22,0
1.00557,3.27546,-0.774281,0,22,0
0.122446,2.51939,2.27146,0,22,0
0.894081,2.4712,2.67938,0,22,0
0.221948,3.16935,1.67049,0,22,0
0.171637,2.50757,1.8259,0,22,0
0.0767607,2.39541,0.735578,0,22,0
0.143119,1.50482,-0.198866,0,22,0
0.354849,0.616259,0.913381,0.13957,211,1
0.568895,1.27796,1.46513,0.13957,-211,1
0.25883,1.53449,0.402042,0,22,0
0.280036,1.24728,-0.0111487,0,22,0
0.447803,-3.78603,0.329947,0,22,0
0.0281985,-3.07738,-0.669995,0,22,0
0.0890078,-0.832588,-0.985716,0,22,0
0.0764036,-1.71066,-2.4851,0,22,0
0.414208,-4.29201,-2.77064,0,22,0
0.331799,-4.10196,-2.45899,0,22,0
2.53181,-3.17326,-1.0803,0.93827,2212,1
0.612042,-3.25278,-1.2203,0.13957,-211,1
0.0836265,1.44528,1.82842,0,22,0
0.214119,0.818335,2.63178,0,22,0
0.00831097,6.22316,-2.53439,0,22,0
0.394495,4.56498,2.11953,0,22,0
0.0501028,-1.18767,-0.905875,0,22,0
0.0612725,0.137147,2.541,0,22,0
0.067257,-0.730265,-1.60976,0,22,0
0.0607008,-2.13666,3.0343,0,22,0
0.355905,0.0369356,-0.469984,0,22,0
0.131503,-1.62894,1.58646,0,22,0
0.27216,3.35254,1.70089,0,22,0
0.0988187,3.22424,2.53813,0,22,0
0.230155,3.59355,2.76341,0,22,0
0.0201985,1.90467,-2.94527,0,22,0
0.20313,5.60545,0.570569,0,22,0
0.01507,3.72924,1.76772,0,22,0
0.0218571,7.14063,-1.38303,0,22,0
0.21126,7.07037,1.51467,0,22,0
17.7232,-0.591299,2.84879,0.13957,211,1
1.20431,-0.462022,2.95285,0,22,0
1.01992,-0.486084,3.07232,0,22,0
1.61598,-0.563197,2.84316,0,22,0
2.15855,-0.625939,2.8073,0,22,0
0.234743,-0.677047,-2.84111,0,22,0
0.417646,-0.579909,3.01893,0,22,0
0.227915,-0.434987,2.55613,0,22,0
0.321413,-0.650481,2.87445,0.000511,11,1
0.229284,-0.648936,2.86791,0.000511,-11,1
1.02262,-0.597468,2.94712,0,22,0
0.0100328,-1.47111,1.92155,0,22,0
0.28951,0.206468,-3.02033,0,22,0
0.513473,0.175853,2.91231,0,22,0
0.0842288,2.06332,1.65445,0,22,0
0.0621938,2.88347,-2.66446,0,22,0
0.114322,-2.92483,2.64702,0,22,0
0.44459,-2.63623,2.11682,0,22,0
0.372546,6.40304,-1.75861,0,22,0
0.0424054,6.3521,-2.89082,0,22,0
0.351891,0.405729,-0.142269,0,22,0
0.266775,0.0998616,0.174965,0,22,0
0.341711,-6.24047,-2.10924,0,22,0
0.296081,-5.85203,-1.94385,0,22,0
0.175909,-6.00113,-3.03658,0,22,0
0.115431,-5.68898,-2.10988,0,22,0
0.457494,-5.95577,-2.17017,0,22,0
0.0258207,-7.05618,-1.71432,0,22,0
0.0998917,-5.79857,1.76151,0,22,0
0.203625,-4.92545,2.05184,0,22,0
0.0296527,-4.55227,-1.77401,0,22,0
0.313062,-4.15525,3.03706,0,22,0
0.301323,-4.72197,2.36479,0,22,0
0.431227,-4.99769,2.61787,0,22,0
0.347428,-3.67524,2.26012,0,22,0
0.39741,-3.62577,1.89828,0,22,0
0.573215,-3.75039,1.21729,0,22,0
0.807067,-3.64681,1.38675,0,22,0
0.180417,-0.541282,1.07426,0,22,0
0.435294,-0.99408,0.921,0,22,0
0.268027,-0.554683,1.42655,0,22,0
0.532256,-0.253375,1.2359,0,22,0
0.0883956,1.1483,2.73276,0,22,0
0.284615,0.363793,2.45525,0,22,0
0.106857,-1.77595,-0.238291,0,22,0
0.0391598,-0.0392756,-0.960644,0,22,0
0.0306458,-2.5722,-0.681803,0,22,0
0.0425762,-0.0973459,2.48058,0,22,0
0.0325527,0.32102,-2.66827,0,22,0
0.134436,-0.116567,0.6504,0,22,0
0.0992097,0.60368,-0.700913,0,22,0
0.0427679,1.32441,1.93709,0,22,0
12.1176,-3.30183,-0.385572,0,22,0
3.27823,-3.29357,-0.405333,0,22,0
2.80902,-3.30796,-0.426793,0,22,0
3.04759,-3.28052,-0.389701,0,22,0
1.66486,-3.53581,-0.608385,0,22,0
0.827656,-3.42318,-0.585497,0,22,0
0.200627,-3.27293,-0.0184375,0,22,0
0.217646,-2.64044,-0.0792187,0,22,0
13.4853,-0.925052,2.44275,0,22,0
2.24107,-0.844598,2.44069,0,22,0
2.94548,-0.0551699,-0.700416,0,22,0
5.49713,-0.0394453,-0.730047,0,22,0
2.69865,0.00120273,-0.723117,0,22,0
4.51503,-0.0314615,-0.743812,0,22,0
7.59323,-0.0519033,-0.726642,0,22,0
1.79262,-0.0384566,-0.760669,0,22,0
0.194662,-0.337354,0.36175,0,22,0
1.05743,-0.141779,0.137358,0,22,0
1.83849,-0.164013,0.0293727,0,22,0
0.0233067,-0.452376,-0.563634,0,22,0
1.07051,-0.19093,0.0523014,0,22,0
0.40177,-0.394226,0.0224723,0,22,0
0.554749,-0.280955,0.279458,0,22,0
0.203276,-0.422974,-0.0987788,0,22,0
0.231366,-1.0399,-0.124392,0,22,0
0.77894,0.172297,-0.208182,0,22,0
0.887797,-0.589345,-0.591464,0.93827,2212,1
0.241259,-0.0400382,-0.580301,0.13957,-211,1
0.0452203,-1.84932,1.46934,0,22,0
0.106824,-0.361998,2.58483,0,22,0
0.0184359,0.362542,1.13481,0,22,0
0.187171,-0.849589,-1.38172,0,22,0
0.293034,-1.14752,-1.54342,0,22,0
0.11905,-0.527551,-1.18738,0,22,0
0.396056,-0.946266,-0.762919,0,22,0
0.0253421,-2.20356,-0.885265,0,22,0
0.149608,-1.05479,-1.6457,0,22,0
0.0645576,-0.654155,-3.07793,0,22,0
0.218657,-1.19807,-2.39856,0,22,0
0.0913024,-0.333342,-2.74244,0,22,0
0.0352179,-0.0379003,-1.77122,0,22,0
0.663596,-0.880553,-1.93423,0,22,0
0.0748698,-2.05766,-0.944171,0,22,0
0.183094,-1.38903,-1.91157,0,22,0
0.132832,-0.775917,-1.94054,0,22,0
0.103295,-1.21194,-0.817161,0,22,0
0.396652,-1.05412,-2.02651,0,22,0
0.0806153,-1.66054,-2.46667,0,22,0
0.0983395,-5.43397,0.685086,0,22,0
0.0670642,-4.51026,2.17929,0,22,0
0.268333,-5.59923,1.71216,0,22,0
0.0120594,-6.80284,-1.47215,0,22,0
0.0271695,-4.73279,-2.37266,0,22,0
0.0717528,-6.74442,0.249836,0,22,0
0.275961,6.56816,-0.674637,0,22,0
0.0899013,6.61519,0.209558,0,22,0
0.0213454,-0.73796,-1.49384,0,22,0
0.188315,-1.70443,0.943013,0,22,0
0.155436,0.797811,-0.0343998,0,22,0
0.08701,1.8854,-0.242152,0,22,0
0.0513914,4.80053,2.51122,0,22,0
0.108729,5.31092,-1.68079,0,22,0
0.0911187,2.62934,-0.901466,0,22,0
0.0680842,4.18165,-0.953809,0,22,0
0.947632,2.88206,-2.6315,0,22,0
0.0155744,2.78492,-1.4586,0,22,0
0.0470914,2.08321,2.14192,0,22,0
0.0431857,4.09549,-1.83293,0,22,0
0.471908,0.34693,-0.297342,0,22,0
0.974244,0.195053,-0.425953,0,22,0
2.22337,0.424504,-0.424219,0,22,0
1.18983,0.388526,-0.499021,0,22,0
0.0150832,4.68689,-0.388657,0,22,0
0.136571,6.73215,-2.47399,0,22,0
0.0490785,4.79543,2.30397,0,22,0
0.284118,5.80697,1.86088,0,22,0
0.0510305,-0.398796,0.810991,0,22,0
0.120194,-0.151455,-1.23161,0,22,0
0.656673,0.0503888,-0.581988,0,22,0
0.63953,0.246754,-0.513414,0,22,0
0.0514959,3.44334,3.06055,0,22,0
0.232171,4.46178,-2.58425,0,22,0
0.17706,3.82131,2.43134,0,22,0
0.0842508,4.33295,-2.83152,0,22,0
0.21569,4.16419,3.13485,0,22,0
0.22358,4.73058,2.91452,0,22,0
13.9933,-0.901353,2.41651,0.49368,321,1
8.32311,-0.964966,2.50893,0.13957,-211,1
61.2174,-0.591586,2.85063,0.13957,211,1
10.8,-0.60192,2.85519,0.13957,-211,1
41.2182,-0.935824,2.45129,0.13957,211,1
15.7672,-0.926982,2.46198,0.49368,-321,1
33.3191,-0.924793,2.44329,0.13957,211,1
1.30981,-0.884891,2.44262,0,22,0
6.02562,-0.862352,2.40018,0,22,0
48.8173,-0.597308,2.84922,0,22,0
19.0039,-0.59373,2.84661,0,22,0
13.0268,-0.598635,2.84749,0,22,0
12.8984,-0.60021,2.8372,0,22,0
20.3572,-0.929804,2.44883,0.49761,130,0
12.1055,-0.569911,2.86016,0,22,0
0.769926,-0.613382,2.86821,0,22,0
12.11,-0.594349,2.84526,0,22,0
15.4929,-0.588183,2.85294,0,22,0
126.733.

