0.317744,-2.93032,-1.22857,0.13957,211,1
1.98333,-1.2182,-2.0579,0.13957,-211,1
0.393515,1.76681,0.880857,0.13957,-211,1
2.20191,1.11334,0.977097,0.13957,211,1
0.590889,3.03821,0.956507,0.13957,-211,1
0.543656,0.399813,0.529826,0.13957,-211,1
1.64615,1.25439,0.966592,0.13957,211,1
2.43541,1.04393,2.19434,0.13957,-211,1
0.901304,1.94036,1.68897,0.13957,211,1
0.454529,0.773196,2.23651,0.13957,-211,1
1.16901,2.76316,-2.45848,0.13957,211,1
0.540619,-0.733711,-0.428709,0.13957,-211,1
3.90768,-1.30444,0.190799,0.13957,-211,1
0.489509,-0.670548,0.449656,0.13957,211,1
1.05054,1.43708,-2.40094,0.13957,211,1
0.983676,1.4822,1.73665,0.13957,-211,1
12.2023,-1.4486,1.31855,0.13957,211,1
15.4763,-1.52299,1.1922,0.13957,-211,1
19.8921,-1.61734,1.21384,0.13957,211,1
35.7546,-1.59175,1.22707,0.13957,-211,1
4.77041,-1.677,1.21558,0.13957,211,1
3.77322,-1.63678,1.21112,0.49368,321,1
4.30617,-1.6566,1.20213,0.49368,-321,1
4.92651,-1.63547,1.22441,0.49368,321,1
0.848724,-2.48811,-0.353019,0.13957,-211,1
6.15701,-1.94985,-1.84269,0.93957,2112,0
2.36199,-2.22674,-1.70197,0.93957,-2112,0
0.475237,-2.42466,-2.48419,0.13957,-211,1
1.11731,-2.26888,-1.60381,0.49368,321,1
8.40243,-2.0968,-0.939835,0.93957,2112,0
3.47607,-1.75754,-1.07584,0.93957,-2112,0
5.7191,-1.87585,-1.65545,0.93957,2112,0
15.4693,-1.85574,-1.71509,0.93827,-2212,1
2.68247,-1.88402,-1.96151,0.13957,211,1
4.95846,-1.9752,-1.75366,0.13957,-211,1
4.29514,-2.1333,-1.82068,0.13957,-211,1
1.66167,-2.44341,-2.29519,0.13957,211,1
2.74274,-2.36042,-1.67927,0.13957,-211,1
1.76074,-2.65829,-2.05173,0.13957,211,1
5.04849,0.0864131,-0.520776,0.13957,211,1
2.0501,-0.0900431,-0.856207,0.13957,-211,1
3.43232,0.0299062,-0.799231,0.13957,211,1
6.16197,0.144361,-0.818086,0.13957,-211,1
2.17523,0.233109,-0.695691,0.93827,2212,1
1.41868,0.197286,-0.311668,0.93827,-2212,1
0.830149,-1.5328,-1.95709,0.13957,-211,1
0.316832,-0.53151,0.590693,0.13957,211,1
0.694382,-0.955253,1.10815,0.13957,-211,1
0.637417,4.56004,-2.03021,0.13957,211,1
0.834252,4.1618,-1.03149,0.13957,211,1
1.14546,4.60814,-1.41447,0.93827,2212,1
2.3523,2.86142,1.71303,0.93957,2112,0
0.426654,3.23046,1.22128,0.93957,-2112,0
2.47063,2.15324,-1.37859,0.13957,-211,1
0.548915,1.43529,-1.06543,0.13957,211,1
0.642051,-0.549302,1.14841,0.49368,-321,1
0.424133,3.71352,0.835265,0.13957,-211,1
0.0968255,2.53938,2.94064,0.13957,211,1
0.721486,4.23899,0.406196,0.13957,-211,1
0.300897,5.06537,-2.98656,0.13957,211,1
0.196145,7.60907,1.60324,0.13957,-211,1
0.343452,-1.40923,-0.964456,0.13957,211,1
0.69611,-1.59739,-0.128767,0.13957,-211,1
2.70731,-1.1959,-0.47287,0.13957,211,1
1.33086,-1.37052,-1.16815,0.13957,-211,1
0.28314,-1.31937,0.1837,0.13957,211,1
0.940555,-1.98837,-0.723154,0.93957,2112,0
0.900115,-2.35079,-1.99461,0.93827,-2212,1
0.718778,-1.58249,-0.875177,0.49368,321,1
0.301175,-3.67347,2.35402,0.13957,-211,1
0.35365,-4.98974,-1.91525,0.13957,211,1
0.0501806,-8.03378,-1.95804,0.49368,321,1
0.136567,-3.24092,1.19426,0.13957,-211,1
0.94003,-3.35795,2.92135,0.13957,211,1
0.638475,-0.726901,2.07109,0.13957,211,1
0.32002,-1.35215,2.73604,0.13957,211,1
0.988442,-0.63671,1.80373,0.93827,-2212,1
0.542831,5.93068,-0.761523,0.93957,2112,0
0.336263,4.92186,-2.3727,0.93827,-2212,1
0.616747,2.08173,0.188326,0.13957,211,1
0.0642015,1.77016,-0.367066,0.13957,-211,1
0.410112,-0.0461061,-2.34849,0.49368,-321,1
0.417794,-1.88307,1.86301,0.49368,321,1
12.3281,1.38136,-2.47243,0.49368,321,1
1.34382,1.5622,-2.36203,0.13957,-211,1
1.11903,1.01897,3.03635,0.13957,-211,1
1.19006,1.43195,-3.09792,0.93827,2212,1
0.611621,1.73754,2.79165,0.93957,-2112,0
0.288651,3.76502,-2.07799,0.13957,-211,1
4.47305,1.82867,-2.79901,0.13957,-211,1
0.602711,1.53886,-2.7255,0.13957,211,1
18.9983,1.92213,-2.64405,0.13957,-211,1
76.8402,1.88436,-2.64673,0.93827,2212,1
73.0153,1.90145,-2.65142,0.93957,-2112,0
1.69004,1.61433,1.34994,0.13957,-211,1
0.287931,1.68398,2.25755,0.13957,211,1
1.6361,1.94509,1.20228,0.49368,-321,1
0.409373,0.594622,0.242889,0.49368,321,1
0.796032,0.982404,1.38514,0.49368,-321,1
0.331816,1.63962,2.39308,0.13957,-211,1
0.097512,1.24417,-0.0688987,0.13957,-211,1
0.395004,-0.512049,-2.28174,0.13957,-211,1
0.377093,-1.20288,-3.04925,0.13957,-211,1
0.940627,-3.04762,0.289817,0.49368,321,1
1.14716,-0.733141,0.506739,0.13957,211,1
6.95764,0.945191,0.0838187,0.93957,-2112,0
3.76841,0.883221,0.104329,0.49368,321,1
3.49322,0.850922,-0.18253,0.93957,-2112,0
1.77512,0.268166,-0.146918,0.13957,-211,1
3.99171,0.0869971,-0.262643,0.13957,211,1
2.62401,0.110987,-0.244429,0.13957,211,1
6.47571,-0.0844365,-0.404013,0.13957,-211,1
5.72519,-0.158779,-0.2007,0.49368,321,1
0.790208,-0.168715,-0.301408,0.13957,-211,1
0.435887,0.258718,-0.440837,0.13957,211,1
3.91222,-0.0751795,-0.282521,0.13957,-211,1
2.60503,1.09128,-0.325179,0.93957,-2112,0
2.45563,0.895019,0.389568,0.13957,-211,1
0.248591,0.809991,0.55151,0.13957,211,1
0.575236,1.47469,0.775462,0.13957,-211,1
0.0506681,-1.63241,-1.24194,0.13957,-211,1
2.20243,1.59426,-0.639028,0.93827,2212,1
1.63534,2.29028,-0.988835,0.93957,-2112,0
0.27454,0.981149,1.91658,0.13957,-211,1
0.325602,3.44581,-1.24482,0.13957,-211,1
0.773717,2.69774,-0.731019,0.13957,211,1
3.14668,4.33324,-2.30872,0.93957,-2112,0
0.107552,5.28228,1.93252,0.13957,-211,1
0.418922,5.26834,-3.06941,0.13957,-211,1
2.34346,4.37113,-2.57865,0.49368,321,1
0.877105,4.52485,-2.0042,0.13957,-211,1
0.389414,4.69081,2.72645,0.13957,211,1
1.39851,-3.07328,-2.44048,0.13957,-211,1
0.239028,-2.86596,1.62437,0.13957,211,1
2.62904,-2.37802,1.41677,0.13957,-211,1
0.321625,-2.28667,2.50943,0.13957,-211,1
0.0652594,6.49345,-2.17154,0.13957,211,1
0.36852,-5.1288,1.07664,0.13957,-211,1
0.20517,-2.8188,-0.62366,0.13957,-211,1
0.205759,-3.12451,-1.01855,0.13957,211,1
0.311609,0.714199,-0.493054,0.13957,-211,1
0.370203,2.26456,-0.396921,0.13957,211,1
1.12863,1.67901,2.68845,0.13957,-211,1
1.63672,2.78395,2.95983,0.49368,321,1
0.803824,3.39174,-1.98688,0.13957,211,1
0.251102,2.61609,2.56177,0.13957,-211,1
0.605007,2.70254,-3.06266,0.13957,211,1
0.315028,2.84384,-2.64153,0.13957,-211,1
2.22491,2.67686,-1.89519,0.93827,2212,1
2.24153,2.36895,-1.77351,0.93957,-2112,0
1.00277,-8.0953,-0.6265,0.93827,2212,1
1.16207,0.663665,0.562522,0.13957,-211,1
0.631379,1.93161,1.2761,0.13957,211,1
0.876607,1.98554,0.424194,0.13957,211,1
1.21268,0.829738,1.10544,0.13957,211,1
2.06762,1.30944,1.31578,0.13957,-211,1
1.20719,2.63559,-2.38424,0.13957,-211,1
0.483054,-1.87862,0.365347,0.13957,211,1
7.8416,-1.27388,0.202223,0.13957,211,1
5.11982,-1.29087,0.318125,0.13957,-211,1
0.0777747,-2.65926,0.500094,0.13957,-211,1
0.646004,0.991668,2.45985,0.13957,211,1
2.1091,0.666841,-2.82883,0.13957,-211,1
0.0501966,4.51575,-0.0755077,0.13957,-211,1
0.197572,2.58072,0.848537,0.13957,211,1
1.26691,1.27247,0.278517,0.13957,211,1
0.389383,1.42551,1.37787,0.13957,211,1
2.44265,1.8352,1.12607,0.13957,-211,1
144.612,-1.61029,1.21574,0.13957,211,1
13.2523,-1.61334,1.18131,0.13957,-211,1
3.76472,-1.64404,1.23156,0.13957,-211,1
2.06668,-2.35371,-1.77803,0.13957,211,1
0.934911,-2.34667,-1.15328,0.49368,-321,1
2.32515,-2.11023,-1.05104,0.13957,211,1
1.91211,-2.05418,-1.25872,0.13957,211,1
2.10232,-1.92925,-1.46246,0.13957,-211,1
2.41675,-1.87361,-1.80827,0.13957,211,1
0.725882,-2.05308,-1.59651,0.49761,130,0
5.30568,-0.0571955,-0.97832,0.13957,211,1
4.09234,0.0405221,-0.73564,0.13957,-211,1
4.68866,-0.130246,-0.821322,0.49368,321,1
3.67777,-0.0420723,-0.993433,0.13957,-211,1
4.90701,0.282657,-0.965185,0.49368,-321,1
1.08077,-0.00414535,-0.941475,0.13957,211,1
0.584281,-0.120283,-2.28342,0.93957,2112,0
0.389136,0.418503,-2.88742,0.13957,211,1
0.155487,1.55057,-2.77703,0.13957,211,1
0.364474,-1.43464,-0.0405353,0.93827,-2212,1
0.664904,-0.837368,0.44551,0.13957,211,1
1.68453,-1.55391,0.785174,0.13957,-211,1
1.81588,-1.20868,0.929166,0.13957,211,1
2.32258,-1.28283,0.691202,0.13957,211,1
1.69764,-0.94056,0.808486,0.13957,-211,1
0.215981,4.58889,-0.667889,0.13957,-211,1
1.3263,4.74946,-1.23483,0.93957,2112,0
2.06206,3.77617,-1.0215,0.93827,-2212,1
0.529349,3.64325,-0.356799,0.13957,-211,1
0.486234,3.61001,1.8206,0.93957,-2112,0
0.37716,3.34539,1.57584,0.13957,211,1
0.51654,2.81171,-1.70526,0.13957,211,1
3.85995,2.16778,-1.72012,0.13957,-211,1
0.559883,1.8181,-0.520087,0.13957,211,1
0.407752,1.74012,-0.078427,0.13957,211,1
0.194018,3.09564,-2.24586,0.13957,-211,1
0.479647,3.59313,-1.88949,0.13957,211,1
0.211543,4.78888,-3.08576,0.13957,-211,1
0.836419,6.7384,-1.04255,0.13957,211,1
0.351949,1.89224,-1.51716,0.13957,211,1
0.542355,1.14678,0.89533,0.13957,-211,1
0.353307,-6.28515,0.362943,0.13957,211,1
0.465106,-4.98021,-0.113141,0.13957,-211,1
0.25953,-4.33198,2.99749,0.13957,-211,1
0.689007,-4.57985,0.150591,0.49368,-321,1
0.70138,-4.51544,2.95346,0.49368,321,1
0.209342,-4.00311,-1.83834,0.49761,130,0
0.621988,-0.276402,2.01003,0.13957,-211,1
1.32729,-0.916638,2.49431,0.93957,2112,0
0.634895,-1.02763,2.9073,0.13957,-211,1
0.73711,5.84013,2.07377,0.13957,211,1
0.409735,5.33753,-1.08463,0.13957,-211,1
0.193936,3.56462,-1.90834,0.13957,211,1
0.949005,3.02125,2.83502,0.13957,-211,1
0.254947,-0.677478,-0.664036,0.13957,211,1
0.399861,-1.05125,0.880171,0.49761,130,0
0.297656,-1.36566,-0.0637463,0.13957,-211,1
0.138273,-3.2515,2.92792,0.13957,211,1
0.389136,-2.16898,0.223862,0.13957,-211,1
13.0724,1.29168,-2.47401,0.13957,-211,1
12.5906,1.20415,-2.50524,0.49761,130,0
1.15802,1.03844,-2.81101,0.13957,211,1
1.897,1.01306,-2.68362,0.13957,211,1
1.09539,1.38571,-2.32107,0.13957,-211,1
0.490399,1.44754,-2.4438,0.13957,211,1
0.999243,0.477271,-2.47299,0.13957,-211,1
0.377779,1.36988,1.55391,0.13957,-211,1
0.392123,1.89392,0.85388,0.13957,211,1
0.483274,2.35727,0.937761,0.49761,130,0
0.373512,1.92101,0.165791,0.13957,211,1
0.556667,1.67313,2.08202,0.13957,-211,1
5.08994,1.72563,-2.67498,0.13957,211,1
29.8066,1.88609,-2.65182,0.13957,-211,1
1.1699,1.31369,-2.52102,0.13957,211,1
1.14589,2.13961,-2.73793,0.13957,211,1
0.0998778,4.31343,-3.05968,0.13957,-211,1
0.205822,1.14733,-1.03745,0.13957,-211,1
4.31282,2.30845,1.44289,0.13957,211,1
1.27384,2.35663,1.4316,0.13957,-211,1
1.56554,2.18228,1.9475,0.13957,211,1
1.4837,0.810486,0.278247,0.13957,211,1
0.667621,0.7302,1.10347,0.49761,130,0
0.137308,2.18588,-0.999967,0.13957,211,1
0.820215,2.97434,2.18821,0.13957,211,1
0.560555,3.13901,-3.05404,0.13957,-211,1
0.831007,4.2073,1.1672,0.13957,211,1
0.222886,3.68612,-2.88923,0.13957,-211,1
0.474345,5.16338,2.02652,0.13957,-211,1
0.466644,4.1108,0.192281,0.13957,211,1
0.3607,5.06574,-1.76845,0.13957,-211,1
0.472818,2.64231,-1.0377,0.13957,211,1
0.212367,1.07325,0.444565,0.13957,211,1
0.427801,2.79893,2.85978,0.13957,-211,1
0.575077,0.21357,0.711744,0.13957,211,1
0.272491,-2.55285,0.243592,0.13957,-211,1
1.72141,0.909504,0.221484,0.93957,2112,0
0.702786,1.26836,0.0963387,0.13957,-211,1
1.76036,0.903032,-0.0439919,0.13957,211,1
11.9783,0.917061,0.0663229,0.93957,-2112,0
1.08007,1.00683,-0.0199066,0.13957,-211,1
4.29193,0.963141,-0.106287,0.49368,321,1
4.47024,0.917807,-0.0306986,0.13957,-211,1
1.16338,0.684065,0.823968,0.13957,-211,1
0.841776,0.353428,-0.639708,0.13957,211,1
3.58726,-0.146309,-0.366772,0.13957,-211,1
2.39363,0.0148264,-0.0466121,0.13957,211,1
1.77121,-0.153282,-0.325608,0.13957,-211,1
5.86532,-0.052922,-0.135127,0.13957,-211,1
2.87594,-0.0731595,-0.397219,0.49368,-321,1
1.18006,-0.230672,-0.332958,0.13957,211,1
0.365057,-0.233902,-0.489888,0.13957,211,1
3.79311,1.0803,-0.609975,0.93957,2112,0
1.36223,1.31137,-0.582696,0.13957,-211,1
0.382742,0.707998,-0.818336,0.13957,211,1
1.25885,1.09621,0.0782028,0.49368,-321,1
0.429678,1.0445,0.899446,0.13957,211,1
0.82928,1.35488,-0.157192,0.49368,-321,1
0.935678,1.20571,0.453941,0.13957,211,1
0.444521,0.023234,-0.314649,0.13957,211,1
0.0277884,4.975,-0.392572,0.13957,211,1
1.50266,1.89228,-0.673311,0.13957,-211,1
0.504896,1.97462,-0.018886,0.13957,211,1
2.60887,4.57688,-2.44742,0.13957,211,1
1.43893,4.98499,-2.37253,0.49761,130,0
0.188525,-2.58017,-1.38595,0.13957,211,1
0.836828,-1.35872,-3.1092,0.13957,-211,1
0.567338,-3.09478,-2.77626,0.13957,211,1
0.670622,-1.66183,-2.03269,0.13957,-211,1
0.357205,-3.139,-0.241886,0.49368,321,1
0.367709,-2.67207,1.84483,0.49368,-321,1
0.570766,-2.55827,1.72047,0.13957,211,1
0.220952,-2.28447,-1.42082,0.13957,211,1
0.826298,-2.11802,2.38928,0.13957,-211,1
1.30523,-1.9782,2.18658,0.49368,321,1
0.450716,-1.02559,-2.47074,0.49761,130,0
0.261418,1.96425,-1.73922,0.13957,-211,1
0.386531,3.95557,-3.09656,0.13957,211,1
0.538314,4.22981,-2.0243,0.93957,2112,0
0.397438,4.11947,-0.922435,0.13957,-211,1
0.172782,-9.71601,0.995908,0.13957,211,1
0.0570269,-8.24161,1.95141,0.93957,2112,0
0.0865861,-5.46943,-0.643634,0.13957,-211,1
0.217615,-5.61692,-1.74047,0.93957,-2112,0
0.101712,-5.20927,2.01568,0.13957,211,1
0.362243,-2.65247,-3.11027,0.13957,211,1
0.269575,-4.02212,1.35095,0.49761,130,0
0.227183,-1.07739,-2.06109,0.49761,130,0
0.0466262,1.75627,0.867128,0.13957,211,1
0.889065,-0.0487712,2.95375,0.13957,-211,1
0.413571,3.3815,-2.48875,0.13957,-211,1
1.27267,3.66299,2.67909,0.13957,211,1
0.56215,3.25519,-2.71482,0.13957,-211,1
0.346027,2.65156,-2.55466,0.13957,211,1
0.552973,3.05554,2.09078,0.13957,-211,1
0.217925,3.56315,-2.59772,0.13957,211,1
0.450906,3.54972,0.885126,0.13957,-211,1
0.891036,-2.5096,-0.101496,0.49761,130,0
1.09464,3.66891,2.59135,0.49761,130,0
1.12893,3.92857,2.07839,0.49761,130,0
0.0736786,5.63615,-0.71565,0.49761,130,0
1.08038,2.56523,-2.99808,0.49761,130,0
0.601832,1.14562,0.436319,0.13957,211,1
0.645311,0.935784,0.736634,0.13957,-211,1
1.20854,-1.73414,-2.09386,0,22,0
0.258082,-1.54194,-1.94759,0,22,0
0.398039,1.13291,0.656433,0,22,0
0.103692,1.63546,0.224694,0,22,0
0.436183,2.43252,-3.0029,0,22,0
0.628472,2.40856,-1.90206,0,22,0
0.00905585,1.20638,-1.13634,0,22,0
0.188361,-1.30963,0.9541,0,22,0
0.536429,-1.73042,0.979175,0,22,0
0.248753,-1.17433,-0.116531,0.13957,211,1
0.155352,-1.12181,0.690384,0.13957,-211,1
5.36422,-1.21276,0.357041,0,22,0
4.79018,-1.10673,0.336383,0,22,0
0.930954,1.26936,3.09356,0,22,0
0.122891,-0.699373,2.88849,0,22,0
0.192763,-0.174673,-2.68151,0,22,0
0.498415,1.13834,-1.54164,0,22,0
0.367103,1.54865,-2.84405,0,22,0
0.209788,0.303518,1.01069,0,22,0
0.735281,0.59722,0.833732,0,22,0
28.5409,-1.4437,1.21795,0,22,0
4.92435,-1.5775,1.19742,0,22,0
4.03122,-1.60374,1.18227,0,22,0
6.86927,-1.60638,1.14777,0.13957,211,1
3.5349,-1.59295,1.23302,0.13957,-211,1
1.34427,-1.76523,1.13272,0.49368,321,1
0.881184,-1.87527,0.982219,0.49368,-321,1
0.490121,-2.04547,-1.86896,0.13957,211,1
0.910803,-1.92564,-1.48934,0.13957,-211,1
0.339711,-1.91625,-2.24141,0,22,0
0.146686,-1.35009,-2.05023,0,22,0
1.05195,-2.2115,-1.3149,0,22,0
0.172001,-1.89695,-1.34555,0,22,0
0.399991,-2.12523,-2.50123,0.13957,211,1
0.17729,-3.30669,-1.13874,0.13957,-211,1
0.307834,-2.40131,0.0862135,0,22,0
0.0791467,-2.36008,-0.806954,0,22,0
1.95068,-1.7679,-0.890359,0.13957,211,1
0.557369,-2.12578,-0.956024,0.13957,-211,1
0.305015,-1.95255,-0.618341,0,22,0
0.0238281,-3.12987,0.401551,0,22,0
2.51881,-1.76863,-1.65535,0.13957,211,1
1.16875,-1.69469,-1.91312,0.13957,-211,1
0.910672,-1.83622,-1.55772,0.13957,211,1
6.43407,-1.87563,-1.73784,0.13957,-211,1
0.0706434,-1.72555,-2.2298,0,22,0
0.364439,-2.53463,-2.10098,0,22,0
0.484575,-1.82566,-1.82813,0.13957,211,1
0.424879,-2.60169,-1.61034,0.13957,-211,1
5.12688,0.0622471,-0.708279,0.13957,211,1
0.589032,0.0193669,-0.67691,0.13957,-211,1
0.517264,0.0277557,-0.503074,0.13957,211,1
1.31387,-0.0253292,-0.916748,0.13957,-211,1
2.62237,0.105569,-0.609713,0,22,0
0.293371,-0.0288754,-0.68443,0,22,0
4.88878,0.206156,-0.73144,0,22,0
1.63503,0.161273,-0.715175,0,22,0
0.308638,-0.192569,-1.44702,0,22,0
0.47463,0.543128,-0.137804,0,22,0
0.155345,-2.36946,2.92493,0.13957,211,1
0.270723,-1.48308,-0.261003,0.13957,-211,1
0.232667,-0.861937,1.38492,0,22,0
0.436808,-1.27006,1.28297,0,22,0
0.268849,-1.25298,0.897063,0,22,0
0.823149,-1.40186,0.651249,0,22,0
0.908712,4.75966,-1.02096,0,22,0
0.355137,4.98746,-0.955044,0,22,0
0.0838245,3.10265,0.0674149,0.13957,211,1
0.249074,3.07357,1.98491,0.13957,-211,1
0.825418,1.89072,1.79007,0,22,0
0.226926,2.18814,1.69972,0,22,0
0.555038,2.60027,-0.71101,0.13957,211,1
0.223596,1.72681,-0.801757,0.13957,-211,1
0.272066,1.86258,-1.38419,0,22,0
0.893588,1.77604,-1.94618,0.93827,-2212,1
0.37901,5.75192,-0.736894,0.13957,211,1
0.155423,6.28193,-1.41375,0.13957,-211,1
0.0933735,7.9044,2.3894,0.13957,211,1
0.13853,8.28864,1.41872,0.13957,-211,1
0.126579,1.95963,-1.02624,0,22,0
0.46723,1.72293,-1.53343,0,22,0
0.216759,2.26801,2.55525,0,22,0
0.203329,2.12891,1.91676,0,22,0
0.450756,2.59587,-0.850186,0.13957,211,1
0.440798,1.81504,-1.20067,0.13957,-211,1
0.725158,-0.987304,-0.429202,0,22,0
0.19373,-0.793629,-0.733797,0,22,0
0.0473135,-0.754048,-0.610822,0,22,0
0.192253,-2.00438,-1.08982,0,22,0
0.168862,-1.33631,1.69005,0,22,0
0.0127752,-3.19142,-1.77399,0,22,0
0.351443,-3.76404,2.18631,0,22,0
0.395115,-3.54441,0.446643,0,22,0
0.132776,-3.36808,1.01657,0,22,0
0.139715,-0.987904,2.55621,0,22,0
0.727629,-1.26635,2.87566,0,22,0
0.612512,-1.07954,-3.11525,0,22,0
0.950312,-1.25615,-3.10984,0,22,0
0.0543352,6.65696,-2.38853,0,22,0
0.638735,7.34202,-2.58125,0,22,0
0.342302,3.62504,0.694337,0,22,0
0.00919394,5.29307,-1.02654,0,22,0
0.0307154,0.865542,1.1711,0,22,0
0.112133,-0.855941,-0.156455,0,22,0
0.550559,1.38587,-2.47405,0,22,0
2.22454,1.39467,-2.4728,0.13957,211,1
7.29845,1.28863,-2.53364,0.13957,-211,1
1.67665,1.34963,-2.43638,0,22,0
0.721305,1.60519,-2.58844,0,22,0
0.119804,1.15073,-2.56157,0,22,0
0.67903,2.59059,-2.58114,0,22,0
1.08033,2.33627,-1.98578,0,22,0
0.105688,2.00603,-1.77826,0,22,0
0.40976,1.92924,-2.7803,0,22,0
14.499,1.89775,-2.65504,0.13957,211,1
16.9135,1.90058,-2.6518,0.13957,-211,1
30.0832,1.89679,-2.63823,0,22,0
14.7286,1.90196,-2.63443,0,22,0
3.74166,2.0009,-2.6345,0.13957,211,1
0.397199,2.23493,-2.76425,0.13957,-211,1
0.196873,1.87846,1.99769,0,22,0
0.0802945,0.856208,2.1132,0,22,0
0.119484,3.96303,0.375152,0,22,0
0.0240474,2.45721,2.88278,0,22,0
1.0075,2.27048,0.486921,0.93827,2212,1
0.144651,2.663,-1.45166,0,22,0
0.458817,3.90273,2.75039,0,22,0
0.147828,3.18463,-0.729086,0,22,0
0.647317,3.551,2.40595,0,22,0
1.93649,3.6709,2.3941,0,22,0
0.227064,4.89711,-1.6639,0.13957,211,1
0.266573,4.90155,1.26243,0.13957,-211,1
0.692476,-0.431456,-2.19923,0.13957,211,1
0.218155,-0.243467,-1.86038,0.13957,-211,1
0.329434,-1.89133,0.501135,0.13957,211,1
0.0674242,-0.938419,1.11945,0.13957,-211,1
0.0767777,-1.90844,-1.74471,0,22,0
0.199756,-1.31971,-2.69139,0,22,0
2.34519,0.676706,0.06452,0.13957,211,1
0.365161,1.19862,0.0015471,0.13957,-211,1
3.98775,0.869556,0.00390343,0.93957,2112,0
15.7101,-0.0950238,-0.263904,0.93827,2212,1
1.07512,-0.0791669,-0.202157,0,22,0
4.86616,-0.134811,-0.233333,0.13957,211,1
3.44887,-0.0951986,-0.271298,0.13957,-211,1
0.771471,0.521596,-0.219414,0,22,0
0.878392,0.584282,-0.0677584,0,22,0
0.421429,0.983545,-0.347238,0.13957,211,1
0.409137,-0.0238194,-0.39514,0.13957,-211,1
0.211348,1.61739,-1.48151,0.13957,211,1
0.280661,1.37201,-0.440714,0.13957,-211,1
0.0853977,1.37734,0.319328,0,22,0
0.666628,1.25523,-0.240318,0,22,0
0.623274,0.837272,-0.151353,0,22,0
0.809307,0.0931693,-0.0275547,0,22,0
0.142678,2.45446,-3.10249,0,22,0
0.319947,-2.52314,2.68494,0.13957,211,1
0.775999,-2.41941,-2.83827,0.13957,-211,1
0.593731,-2.15995,2.67461,0.13957,211,1
0.150717,-1.88348,-3.04329,0.13957,-211,1
0.584702,-2.22711,-2.88018,0,22,0
0.0706143,-2.40679,-2.2293,0,22,0
0.466592,-3.26713,0.31828,0.13957,211,1
0.4291,-2.60233,0.307342,0.13957,-211,1
0.225798,-2.05725,2.0345,0,22,0
0.759163,-1.7859,2.21421,0,22,0
0.1821,3.15888,3.10786,0.13957,211,1
0.229254,1.68628,-2.77625,0.13957,-211,1
0.120493,-2.8773,2.47699,0.13957,211,1
0.154964,-2.85011,1.48109,0.13957,-211,1
0.155629,0.36537,-1.17739,0,22,0
0.444091,0.798456,-1.4486,0,22,0
0.0812332,2.47055,2.9456,0,22,0
0.075739,1.51397,1.38763,0,22,0
0.116235,3.13029,2.91315,0.13957,211,1
0.169974,2.92024,-0.0596101,0.13957,-211,1
0.416243,2.69145,-2.30347,0.13957,211,1
0.261474,2.88541,-3.09744,0.13957,-211,1
2.29803,3.22149,-3.1101,0.93957,2112,0
0.337674,3.69881,-2.87983,0.13957,211,1
1.14756,3.5202,2.80032,0.93827,-2212,1
0.363537,3.61094,2.95351,0,22,0
0.824987,3.37889,-2.31355,0,22,0
0.367149,2.14469,-1.02336,0.13957,211,1
0.111352,3.29486,-2.74047,0.13957,-211,1
0.122661,3.1823,-2.16152,0,22,0
0.615314,1.8923,-0.556411,0,22,0
0.436551,2.80271,-3.06074,0,22,0
0.28336,3.09894,-2.81745,0,22,0
0.127322,-8.58037,1.96935,0,22,0
0.0364115,-8.40661,-0.854337,0,22,0
0.0703588,0.622265,1.17178,0,22,0
0.15083,0.400741,-0.23203,0,22,0
0.00891753,-0.535023,2.58421,0,22,0
0.152344,2.14615,-2.8094,0,22,0
1.60683,2.29317,2.90074,0,22,0
0.0974948,2.63087,2.93498,0,22,0
1.08795,-1.21489,0.167015,0,22,0
1.73983,-1.28314,0.237502,0,22,0
0.190174,-0.97169,0.389022,0,22,0
2.2833,-1.12945,0.258473,0,22,0
0.185061,1.11098,0.0316459,0,22,0
0.0572944,2.2606,0.531388,0,22,0
0.387563,1.52465,0.825321,0,22,0
1.53651,1.45686,0.663904,0,22,0
0.4703,1.6914,1.42803,0,22,0
0.392621,1.47156,1.20362,0,22,0
10.498,-1.61353,1.20058,0,22,0
6.6812,-1.60149,1.21129,0,22,0
9.01518,-1.60776,1.20102,0,22,0
37.9652,-1.60405,1.20731,0,22,0
23.8263,-1.59976,1.20764,0,22,0
23.213,-1.6012,1.21319,0,22,0
0.160407,-1.93307,0.491285,0.13957,211,1
0.896937,-1.62021,1.39516,0.13957,-211,1
0.0493713,-1.41398,-2.35992,0,22,0
0.304374,-1.61701,-1.21648,0,22,0
0.305992,-2.07677,-1.98955,0,22,0
0.867353,-2.32636,-1.9119,0,22,0
1.32973,0.199953,-1.02412,0,22,0
1.14892,0.0908595,-1.02767,0,22,0
0.785243,-0.058303,-1.00653,0,22,0
0.367813,-0.102946,-1.25433,0,22,0
0.377282,-0.887066,-2.75206,0,22,0
0.0445575,-0.236885,-1.92496,0,22,0
0.291019,-0.884275,2.58636,0,22,0
0.0836493,-0.795902,-2.80718,0,22,0
0.733963,-1.27059,0.312106,0,22,0
0.364355,-1.15669,0.547472,0,22,0
0.162973,5.14542,3.10505,0,22,0
0.366194,5.62201,-2.90559,0,22,0
0.0184721,1.68465,0.317951,0,22,0
0.0784969,4.27851,-0.791174,0,22,0
0.278367,4.22063,-1.98337,0,22,0
0.0229584,3.45156,-0.297485,0,22,0
0.0183219,1.89929,1.47668,0,22,0
0.455056,3.00732,2.42055,0,22,0
0.306017,2.86121,-2.4732,0,22,0
0.0600725,2.55238,-1.48779,0,22,0
0.216298,2.07348,1.33575,0,22,0
0.318726,1.94556,1.83893,0,22,0
0.0464868,5.07564,1.58736,0,22,0
0.232393,4.45569,0.379641,0,22,0
0.0609548,5.55753,1.5302,0,22,0
0.152826,5.23952,0.032542,0,22,0
0.102388,6.70228,2.55933,0,22,0
0.242312,6.19081,1.86189,0,22,0
0.317438,-2.70625,-2.55346,0.13957,211,1
0.387878,-3.62394,-2.03996,0.13957,-211,1
0.193952,-4.81286,0.491513,0,22,0
0.59497,-4.46632,0.299928,0,22,0
0.197859,-5.43627,0.846248,0,22,0
0.0514991,-5.37998,2.30928,0,22,0
0.104865,-4.45907,-1.31959,0,22,0
0.239976,-4.19817,-2.15317,0,22,0
0.0876414,-1.0592,-2.4989,0,22,0
0.233538,-1.57247,2.97437,0,22,0
0.168998,1.05067,2.75129,0,22,0
0.122944,0.146282,2.79248,0,22,0
0.280814,1.16853,-2.56703,0,22,0
5.60668,1.19706,-2.46326,0,22,0
1.23983,1.06418,-2.45929,0,22,0
1.27075,1.02943,-2.35748,0,22,0
0.0593479,0.450543,2.41758,0,22,0
0.10439,-0.742245,-2.63046,0,22,0
0.257333,2.2026,1.75598,0,22,0
0.675522,2.09554,2.06269,0,22,0
0.213683,2.61146,2.91429,0.13957,211,1
0.386996,1.53518,2.03064,0.13957,-211,1
2.95529,1.81359,-2.4026,0,22,0
1.31432,1.77753,-2.46084,0,22,0
5.26121,1.87954,-2.58481,0,22,0
0.865166,1.92962,-2.62346,0,22,0
0.249085,2.53129,-2.73928,0,22,0
0.0604215,1.85304,2.65939,0,22,0
0.373948,1.26009,2.58402,0,22,0
0.197796,1.73852,2.69821,0,22,0
0.220911,2.42756,1.554,0,22,0
2.44535,2.41994,1.73775,0,22,0
2.39635,2.09965,1.69675,0,22,0
1.00899,2.18547,1.68383,0,22,0
0.522623,2.44678,1.47477,0,22,0
2.29346,2.36051,1.56286,0,22,0
0.951911,1.74235,1.40878,0.13957,211,1
0.536793,2.30719,1.47551,0.13957,-211,1
0.0274216,-0.457102,-3.03353,0,22,0
0.0979228,1.58583,2.23607,0,22,0
0.4591,3.26317,2.39187,0.93827,-2212,1
0.0966056,3.15187,-2.47252,0.13957,211,1
0.773594,3.9459,2.62906,0,22,0
0.408171,3.9914,2.86547,0,22,0
0.921506,3.99962,2.6249,0,22,0
0.0909191,3.90441,2.16434,0,22,0
0.7245,4.11498,1.74122,0.13957,211,1
0.220415,5.05917,2.05154,0.13957,-211,1
0.16285,3.5745,-1.79239,0,22,0
0.0235984,3.65928,-1.40874,0.000511,11,1
0.480876,3.96648,-1.92576,0.000511,-11,1
0.390618,3.73032,0.756418,0,22,0
0.0698479,3.62102,1.59019,0,22,0
0.111583,3.99225,0.574872,0,22,0
0.33039,3.50607,0.0662638,0,22,0
0.0368507,-1.98458,3.07444,0,22,0
0.179457,-1.06506,1.57957,0,22,0
5.31898,0.98965,0.0353331,0.93827,2212,1
0.812186,1.08467,0.134769,0.13957,-211,1
0.380376,0.601931,-0.404369,0,22,0
0.148479,0.568198,0.170488,0,22,0
3.32838,0.237842,-0.34658,0,22,0
2.11907,0.25846,-0.39304,0,22,0
0.142098,0.0330692,0.0314534,0,22,0
0.175983,-0.788196,-0.0924678,0,22,0
3.04662,-0.10111,-0.368419,0,22,0
0.41415,0.0143873,-0.401367,0,22,0
4.8738,-0.0819971,-0.334541,0,22,0
0.498885,-0.151389,-0.282804,0,22,0
1.17983,-0.0459616,-0.0729303,0,22,0
2.11404,-0.0298006,-0.156881,0,22,0
0.00371442,3.3958,0.187259,0,22,0
0.627419,1.25723,-0.978955,0,22,0
0.996048,0.947542,-0.133671,0.13957,211,1
0.698896,1.3284,-0.446225,0.13957,-211,1
0.422053,1.05,-1.01435,0,22,0
0.128682,1.61975,-1.0589,0,22,0
0.028244,3.39234,1.80895,0,22,0
0.10428,1.63152,-2.8048,0,22,0
0.0223822,5.43115,2.08148,0,22,0
0.390811,4.96411,-2.70058,0,22,0
0.276895,-2.44768,-1.2105,0,22,0
0.232717,-2.19667,-1.6833,0,22,0
0.0690749,-2.59537,-1.83762,0,22,0
0.270055,-2.0263,-2.6634,0,22,0
0.0507495,-3.28644,-0.69036,0,22,0
0.0899527,-3.07079,2.21493,0,22,0
0.298002,-1.5952,-1.5248,0,22,0
0.0244398,-2.7871,-2.51601,0,22,0
0.135283,-2.2939,-1.23035,0,22,0
0.054805,-0.885614,-1.58418,0,22,0
0.572302,-2.95386,0.52093,0,22,0
0.0455233,-3.47882,-0.136894,0,22,0
0.00294751,-5.86236,0.439425,0,22,0
0.133436,-1.98607,0.682237,0,22,0
0.426369,2.08318,-0.467993,0,22,0
0.117628,1.60822,-0.100665,0,22,0
0.599069,4.41391,-1.92093,0,22,0
0.141871,4.72024,-1.57306,0,22,0
0.154418,-7.50697,2.79315,0,22,0
0.215427,-7.63163,2.04645,0,22,0
0.0542372,-4.19893,-1.39301,0,22,0
0.325745,-4.23254,-2.45751,0,22,0
1.07101,0.852365,-0.0453929,0.13957,211,1
0.212843,0.770174,0.647828,0.13957,-211,1
0.138681,2.27247,-1.29408,0.13957,211,1
0.235674,2.908,1.52569,0.13957,-211,1
0.0889393,2.3501,-1.66779,0.13957,211,1
0.239841,3.09541,1.58708,0.13957,-211,1
1.02187,4.4683,1.36567,0.13957,211,1
0.193284,5.29007,1.6321,0.13957,-211,1
0.253734,-3.70334,-0.802913,0.13957,211,1
0.471963,-3.58683,0.442806,0.13957,-211,1
0.691918,1.49509,-0.478858,0.13957,211,1
1.91821,1.18892,-0.636138,0.13957,-211,1
0.571902,0.0372808,0.792997,0.13957,211,1
0.262831,0.441533,-0.199972,0.13957,-211,1
0.427105,-3.09026,-1.39012,0.13957,211,1
0.516918,-2.49557,-2.02542,0.13957,-211,1
0.799049,1.04308,0.755901,0,22,0
0.0331711,1.54358,1.42531,0,22,0
0.401376,-0.896421,0.0989519,0,22,0
0.17584,-0.401907,0.191615,0,22,0
1.00579,0.720027,2.82606,0,22,0
0.998184,0.814188,2.9224,0,22,0
5.88057,-1.40521,1.18604,0,22,0
0.618016,-1.42818,1.11906,0,22,0
0.930342,-1.55473,1.1498,0,22,0
0.194072,-1.2403,1.1148,0,22,0
1.64493,-2.05686,-1.83768,0,22,0
0.878724,-2.05112,-1.7255,0,22,0
0.407691,-2.17491,-2.13865,0,22,0
0.0733974,-2.91118,-1.93373,0,22,0
1.08511,-1.83403,-0.894789,0,22,0
1.87017,-1.92856,-0.900737,0,22,0
0.690525,-1.95191,-1.02225,0,22,0
1.55632,-2.03867,-0.925136,0,22,0
0.304995,-1.93954,-0.709571,0,22,0
0.2495,-1.91472,-1.20325,0,22,0
0.149045,-2.41491,-1.2689,0,22,0
0.348854,-2.02906,-0.81825,0,22,0
0.385593,-2.14099,-1.70737,0,22,0
0.279008,-1.7348,-1.75304,0,22,0
0.190553,-1.89783,-1.37308,0,22,0
0.718748,-1.87707,-1.73926,0,22,0
0.134008,-2.60732,-1.83317,0,22,0
0.785593,-2.30472,-2.11839,0,22,0
3.13444,0.0402858,-0.650111,0,22,0
2.98627,0.0788421,-0.62867,0,22,0
0.965313,0.136208,-0.836469,0,22,0
1.13795,0.184198,-0.716887,0,22,0
0.185908,-2.36592,-1.80524,0,22,0
0.0405741,-2.66593,-0.0713597,0,22,0
0.103379,5.50288,-0.676038,0,22,0
0.0862819,4.47581,-1.65949,0,22,0
0.137748,4.47032,-1.47154,0,22,0
0.0289633,5.63836,2.69396,0,22,0
0.156864,4.04601,-2.25444,0,22,0
0.220246,4.69833,-1.9592,0,22,0
0.306744,3.37764,2.49072,0,22,0
0.151737,3.9464,2.24692,0,22,0
0.185663,1.80507,-1.83442,0,22,0
0.194948,1.89059,-1.11466,0,22,0
6.14822,2.06962,-1.53501,0.93827,2212,1
1.08963,2.16894,-1.50234,0.13957,-211,1
0.0374264,1.05185,2.24931,0,22,0
0.29585,1.281,-2.66815,0,22,0
0.219287,1.49332,-1.39535,0,22,0
0.242207,1.07557,-0.985075,0,22,0
0.0902725,0.0442767,-1.65032,0,22,0
0.154956,0.728666,-0.713352,0,22,0
0.110875,0.604419,-1.72488,0,22,0
0.0719922,1.50266,-0.448332,0,22,0
0.0747977,0.367705,-2.62551,0,22,0
0.062038,0.91339,1.14175,0,22,0
0.0335697,1.76398,-2.22055,0,22,0
0.0908838,0.347022,0.281541,0,22,0
0.279413,-0.445537,0.568717,0,22,0
0.441369,0.377599,-0.860131,0,22,0
0.0411021,2.59498,2.52438,0,22,0
0.0537693,4.53199,0.333675,0,22,0
0.023124,2.36689,-1.97205,0,22,0
0.214135,3.71572,2.95854,0,22,0
0.0837937,3.73149,2.6668,0,22,0
0.158414,4.50131,-2.72067,0,22,0
0.109296,4.1043,3.09251,0,22,0
0.03908,5.57653,-1.78197,0,22,0
0.0848103,8.73403,-2.10195,0,22,0
0.0257241,6.43731,-1.5385,0,22,0
0.063289,1.55241,2.54837,0,22,0
0.0738168,2.15543,0.110301,0,22,0
0.0312464,-1.50211,-0.958089,0,22,0
0.260327,-0.833829,0.500663,0,22,0
0.278237,-1.32096,0.067989,0,22,0
0.503504,-1.00949,-0.111845,0,22,0
0.0900882,-1.8163,0.147421,0,22,0
0.446198,-1.17337,-0.0122874,0,22,0
0.375628,-3.48617,-0.735902,0,22,0
0.0690927,-3.74464,-1.55541,0,22,0
0.183372,-3.06069,0.756153,0,22,0
0.070705,-2.6823,-0.43583,0,22,0
0.157983,-3.06209,0.873298,0,22,0
0.181719,-3.65855,0.349458,0,22,0
0.128663,-2.27532,-0.265322,0,22,0
0.0506562,-3.76959,-0.605994,0,22,0
0.0793602,-1.89002,2.60842,0,22,0
0.0942705,-2.9349,-2.49347,0,22,0
0.0732427,-3.68192,2.36396,0,22,0
0.0813802,-2.1245,2.04724,0,22,0
0.316666,-1.74308,3.09961,0.13957,211,1
0.0680965,-3.07033,2.77259,0.13957,-211,1
0.101717,-2.20002,0.538344,0,22,0
0.0489842,0.804295,2.18252,0,22,0
0.0838642,0.153593,-1.01768,0,22,0
0.0388677,0.763926,-1.8317,0,22,0
0.151377,1.27212,2.45123,0,22,0
0.170297,0.151547,-0.884018,0.13957,211,1
0.12552,0.956335,-1.12354,0.13957,-211,1
14.3273,1.2725,-2.44806,0.13957,211,1
2.45044,1.33274,-2.36207,0.13957,-211,1
0.994131,1.23761,-2.56942,0,22,0
1.1771,1.35896,-2.59816,0,22,0
2.19832,1.15352,-2.78787,0,22,0
0.0509273,1.07296,-2.38997,0,22,0
1.97008,1.77399,-2.45184,0.93827,2212,1
0.432987,1.9301,-2.2846,0.13957,-211,1
3.44379,1.88486,-2.61485,0.93957,-2112,0
20.3663,1.8942,-2.64209,0,22,0
14.8109,1.89771,-2.64902,0,22,0
1.82701,1.95317,-2.61606,0,22,0
1.41976,1.99411,-2.68921,0,22,0
0.961229,2.08037,-2.63948,0,22,0
0.571089,1.91104,-2.70621,0,22,0
0.047835,2.43741,-2.31427,0,22,0
0.959388,1.86959,-2.57155,0,22,0
1.33902,1.85438,-2.63803,0,22,0
0.0375891,1.84251,-2.02703,0,22,0
0.0338245,0.322679,-0.6838,0,22,0
0.0628934,2.25044,-3.13734,0,22,0
0.262165,4.6251,2.43747,0,22,0
0.106751,4.94729,1.68039,0,22,0
0.0198303,5.52009,-0.110796,0,22,0
0.203896,4.72231,-2.84353,0,22,0
0.103584,0.0889174,-2.3002,0,22,0
0.0719197,-0.971017,-2.86884,0.000511,11,1
0.0941221,-0.462738,-2.72295,0.000511,-11,1
0.188435,-1.21139,0.485923,0,22,0
0.372083,-0.734108,0.652564,0,22,0
0.352056,0.64572,0.303443,0,22,0
0.358501,0.525755,-0.0590207,0,22,0
0.247053,0.562644,-0.0348291,0,22,0
0.307954,0.965297,-0.309819,0,22,0
1.75108,-0.0135466,-0.337088,0,22,0
1.37773,-0.0804206,-0.281598,0,22,0
12.8517,-0.133006,-0.246761,0.93827,-2212,1
1.10411,-0.184647,-0.267804,0.13957,211,1
5.94773,-0.146322,-0.239419,0.13957,211,1
7.6465,-0.126697,-0.21698,0.13957,-211,1
0.0945588,0.210167,-1.13225,0,22,0
0.647804,0.466947,-0.646726,0,22,0
0.0659071,0.607293,-0.289155,0,22,0
0.299573,1.46174,-0.675205,0,22,0
0.0425583,2.11121,-2.79982,0,22,0
0.00437447,3.16673,-0.0700212,0.000511,11,1
0.100461,1.22387,-0.922453,0.000511,-11,1
0.200521,1.62175,0.0284537,0,22,0
0.0730316,2.63772,-0.319773,0,22,0
0.125226,1.83987,-0.278867,0,22,0
0.13406,2.65716,0.347186,0,22,0
0.676015,2.80505,2.69008,0.93827,2212,1
0.228136,2.42902,-3.11354,0.13957,-211,1
0.0561264,-3.11599,-2.76453,0,22,0
0.128804,-2.16238,-1.42589,0,22,0
0.389784,-2.09751,-2.89152,0,22,0
0.330612,-2.47131,-2.88689,0,22,0
0.378182,-2.09908,-0.230285,0,22,0
0.0415835,-2.91442,0.458625,0,22,0
0.0250714,-1.70426,-1.8847,0,22,0
0.23401,-2.33973,2.47659,0,22,0
0.0711942,-2.16806,-2.18889,0,22,0
0.125208,-2.73663,2.66809,0,22,0
0.171629,-2.31947,3.01626,0,22,0
0.649695,-2.59022,2.71573,0,22,0
0.0567991,1.47759,-1.03526,0,22,0
0.107565,1.20075,1.00511,0,22,0
0.112273,-0.869116,3.06834,0,22,0
0.418109,-2.36275,0.466176,0,22,0
0.0728318,3.66167,-0.232484,0,22,0
0.0462772,2.53587,2.87207,0,22,0
0.0892919,1.64355,-2.23329,0,22,0
0.267518,2.042,-1.43659,0,22,0
0.364461,3.45495,-2.96225,0,22,0
0.166275,2.98661,3.04205,0,22,0
0.21324,2.31302,-2.06763,0,22,0
0.0227077,3.2069,-0.0250191,0,22,0
0.0843423,3.43715,-0.539707,0,22,0
0.0540056,2.66453,1.78756,0,22,0
0.0810845,1.66279,-0.297735,0,22,0
0.0820784,2.59851,-1.76649,0,22,0
0.046423,2.72256,-2.52827,0,22,0
0.063372,4.27569,1.5056,0,22,0
0.0125996,-1.18385,0.46286,0,22,0
0.33859,0.561531,-0.153585,0,22,0
0.770121,1.14487,-0.48408,0,22,0
0.0192258,0.0890063,-0.393493,0,22,0
0.0633968,1.12285,-1.04383,0,22,0
0.212038,1.23756,-2.27948,0,22,0
0.0415585,1.50735,-0.548224,0,22,0
0.351461,2.29585,-1.33855,0,22,0
4.31165,1.56541,-2.82855,0.13957,211,1
0.609989,1.56952,-2.56219,0.10566,13,1
0.0542936,0.765356,-1.90556,0,22,0
0.110177,0.108471,2.50289,0,22,0
0.912874,1.33341,-2.45189,0.13957,211,1
0.397712,1.40665,-2.4603,0.13957,-211,1
0.65808,1.85208,-2.53885,0,22,0
0.417893,1.69516,-2.74311,0,22,0
0.946331,-0.165758,-0.2351,0,22,0
4.13427,-0.0993628,-0.250816,0,22,0
8.95524,1.55456,-2.76495,0.13957,211,1
5.76147,1.46614,-2.68535,0.13957,-211,1
2.84849,1.42013,-2.39478,0.49368,-321,1
1.78669,1.3432,-2.62591,0,22,0
10.5821,1.33224,-2.59686,0,22,0
0.163468,1.42412,-2.40854,0,22,0
0.389568,1.94408,-2.50653,0,22,0
0.0923237,1.17222,-0.456469,0,22,0
0.103989,1.93988,-1.65842,0,22,0
1.50855,1.23293,-2.42853,0.13957,211,1
0.121727,0.942607,-2.46903,0,22,0
1.35317,1.22532,-2.29517,0,22,0
0.243337,1.36655,-2.47767,0,22,0
4.67728,1.42509,-2.58989,0,22,0
138.95.

