0.616648,-7.06983,2.48084,0.13957,211,1
0.606128,-5.09301,-2.20363,0.13957,-211,1
0.307638,5.79302,-1.88502,0.13957,-211,1
0.569142,3.37312,2.10704,0.13957,211,1
2.06648,2.58924,-0.113778,0.13957,-211,1
1.01828,4.10596,2.99367,0.13957,-211,1
0.420567,2.4444,-2.29532,0.13957,-211,1
3.17851,2.65516,-0.17368,0.13957,211,1
0.891945,5.3049,0.142625,0.13957,211,1
1.34245,5.7044,-0.367489,0.13957,-211,1
1.96035,4.7199,-0.0108115,0.13957,211,1
0.976301,5.18394,-0.782149,0.13957,211,1
0.311451,2.96457,-0.411369,0.13957,-211,1
3.1587,-6.15464,2.82131,0.93827,2212,1
0.344329,-6.55045,2.87643,0.13957,-211,1
1.30516,-5.56218,2.5022,0.13957,-211,1
1.99624,-5.10702,2.57731,0.13957,-211,1
0.979942,1.53319,2.12239,0.13957,211,1
0.891346,1.14042,2.19028,0.13957,-211,1
4.9979,1.45524,2.09767,0.13957,211,1
1.60938,1.21304,2.12051,0.13957,211,1
12.5717,1.24756,2.1602,0.13957,-211,1
18.649,1.29102,2.14807,0.13957,211,1
0.858579,-0.0927272,-0.707866,0.13957,-211,1
0.343998,4.29583,0.756782,0.93957,-2112,0
0.388401,2.87529,2.90565,0.13957,211,1
0.618112,7.30694,-1.48795,0.13957,-211,1
0.779706,4.54292,0.897821,0.13957,-211,1
0.212559,4.50744,-1.87494,0.13957,211,1
0.314331,4.03113,-0.568518,0.13957,211,1
1.73574,4.23571,1.66906,0.13957,-211,1
0.96504,2.27053,1.56191,0.13957,-211,1
4.56439,1.46918,1.99166,0.93957,2112,0
4.92735,-0.214567,-1.06194,0.13957,211,1
34.6673,-0.275757,-1.03571,0.13957,-211,1
46.4012,-0.261907,-1.03079,0.49368,321,1
37.6591,-0.246319,-1.00179,0.49368,-321,1
101.406,-0.259947,-1.0242,0.13957,211,1
7.57723,-0.206785,-0.982141,0.49368,321,1
5.85482,-0.315439,-0.987936,0.49368,-321,1
0.845567,-0.674961,-1.29693,0.13957,-211,1
1.4643,-2.28468,-1.9952,0.13957,-211,1
1.10675,-1.88483,-1.46968,0.13957,211,1
1.3334,-2.53657,-1.77594,0.93957,2112,0
1.36329,-2.05518,-1.77658,0.93827,-2212,1
1.10598,-2.22202,-1.5123,0.13957,211,1
0.900834,-2.20397,-1.37458,0.13957,-211,1
7.61623,-1.9396,-1.50742,0.13957,-211,1
2.03896,-1.53264,-1.27966,0.13957,211,1
0.959377,-1.04503,-1.13341,0.49368,-321,1
4.08248,-0.247506,-1.21986,0.13957,211,1
0.42269,-2.67304,1.49395,0.13957,-211,1
0.740513,-4.07079,2.95916,0.13957,211,1
0.128714,-5.95619,-0.889486,0.13957,-211,1
0.979008,-4.98829,0.121137,0.13957,-211,1
0.724786,-4.89136,1.55675,0.13957,211,1
0.70946,-1.73018,-1.25508,0.49368,321,1
0.673275,1.26334,-2.54995,0.13957,211,1
0.311267,1.24363,-3.07495,0.13957,211,1
15.0726,1.25429,2.11565,0.13957,211,1
0.454601,1.21675,-3.1267,0.13957,-211,1
0.771715,1.15783,2.36093,0.13957,211,1
2.18932,0.339218,0.817371,0.13957,211,1
0.971065,-0.351721,1.12496,0.13957,-211,1
0.387062,-3.69992,-1.08303,0.13957,-211,1
1.0418,-2.97003,-1.56164,0.13957,211,1
0.171613,-0.274417,-0.669751,0.13957,-211,1
3.83397,-0.280168,-1.18658,0.13957,211,1
3.96396,-0.605146,-1.0776,0.13957,-211,1
11.98,-0.288406,-1.07714,0.13957,211,1
7.56106,-0.199599,-1.1135,0.49368,-321,1
5.43519,-0.173093,-1.05311,0.93827,2212,1
8.24681,-0.105993,-1.09998,0.93957,-2112,0
2.60832,0.278678,-1.10325,0.93827,2212,1
1.94958,0.260507,-1.25812,0.93957,-2112,0
2.51471,0.993794,-1.30541,0.13957,-211,1
6.02936,0.640617,-1.32928,0.93957,-2112,0
3.39901,0.952136,-1.29167,0.13957,-211,1
1.35477,2.53327,0.597212,0.49368,-321,1
2.36961,0.125633,-1.07395,0.93957,2112,0
3.54387,0.141972,-0.978931,0.93827,-2212,1
1.49,0.634502,-1.05048,0.49368,-321,1
0.218773,1.27067,-2.51229,0.13957,211,1
0.473031,4.12635,3.10314,0.13957,-211,1
0.155522,3.20535,-2.78994,0.13957,-211,1
0.804039,0.641843,-1.31058,0.13957,211,1
0.705611,-0.772789,1.9444,0.93957,2112,0
0.464788,-0.909605,-1.90089,0.13957,-211,1
0.770326,-2.73545,-0.49658,0.93827,2212,1
0.19024,-6.87304,-0.307026,0.93957,-2112,0
0.431465,5.00842,-0.479025,0.13957,211,1
0.0993508,7.59535,-1.2632,0.13957,-211,1
0.489375,3.40973,-0.759826,0.13957,211,1
0.212216,3.29915,0.867171,0.13957,-211,1
0.317255,3.77287,-0.760081,0.13957,211,1
0.490447,2.25141,1.86614,0.49368,-321,1
0.13945,3.23792,0.0348881,0.13957,211,1
0.08321,5.03086,2.38906,0.13957,211,1
0.488221,3.41676,-2.02131,0.13957,211,1
0.443987,2.10332,-2.83828,0.13957,-211,1
0.128351,4.7637,3.1346,0.13957,211,1
0.70555,4.21524,-0.676421,0.13957,-211,1
0.164323,3.77303,-1.41719,0.13957,-211,1
0.42583,2.26183,0.737487,0.13957,211,1
0.132543,4.31587,0.914394,0.13957,211,1
0.637771,5.22815,-0.379526,0.49368,321,1
0.334415,5.67987,0.851306,0.13957,-211,1
0.0483069,5.72117,2.25191,0.13957,-211,1
0.744185,3.55137,-1.29921,0.13957,211,1
1.1022,-6.28269,2.4465,0.93957,-2112,0
0.104611,-7.09948,-2.19478,0.13957,211,1
0.847765,-4.84456,2.20738,0.13957,211,1
0.309149,-4.3525,2.67584,0.13957,-211,1
0.0634779,-4.82893,0.250474,0.13957,211,1
1.01646,-4.25313,0.26664,0.13957,211,1
9.54395,1.23837,2.2069,0.13957,-211,1
1.25995,0.319321,-0.314891,0.13957,211,1
0.251915,0.324321,-1.03924,0.13957,-211,1
0.150209,4.32137,0.674934,0.13957,211,1
0.16207,4.48684,1.91279,0.93957,2112,0
0.353239,2.42624,0.577608,0.13957,-211,1
0.0637135,4.26657,-1.81985,0.13957,-211,1
0.412643,7.46711,2.49324,0.13957,211,1
0.862096,7.31871,-2.42281,0.13957,-211,1
0.554103,6.80823,-2.30858,0.13957,211,1
0.283123,4.52072,1.86249,0.13957,-211,1
2.36451,4.31062,1.17482,0.13957,211,1
0.760049,4.7666,1.54877,0.13957,-211,1
0.324549,1.50185,0.856548,0.13957,211,1
9.09917,-0.194004,-1.01164,0.13957,-211,1
3.6607,-0.273073,-1.08463,0.13957,-211,1
1.72728,-0.0318641,-1.10271,0.13957,211,1
2.60734,-1.72404,-1.56914,0.13957,211,1
1.38668,-2.42257,2.74348,0.13957,211,1
0.949545,-2.15258,1.33812,0.13957,-211,1
0.0424883,-5.38792,-2.89285,0.13957,211,1
1.12674,-3.0222,-2.31873,0.13957,-211,1
0.261631,-4.80538,0.997302,0.13957,211,1
0.326237,-3.53795,-0.780188,0.13957,-211,1
0.371803,-3.04007,0.785093,0.13957,-211,1
0.369965,-0.194954,-2.95724,0.13957,-211,1
0.486136,-0.938644,-2.35303,0.13957,-211,1
0.0359592,-3.26579,0.83449,0.13957,211,1
0.594029,-2.14784,-2.478,0.13957,-211,1
1.42312,0.280849,-0.663752,0.13957,-211,1
3.14983,-0.285948,0.229291,0.13957,211,1
1.49746,-0.373552,0.508641,0.13957,-211,1
1.78381,0.0336624,1.16561,0.13957,211,1
1.23043,-0.254486,0.368375,0.13957,-211,1
0.732867,-0.411311,1.49977,0.13957,211,1
0.843671,-0.778401,2.03488,0.13957,211,1
1.06976,-0.420823,1.24088,0.13957,-211,1
1.54355,-1.32462,1.38844,0.13957,-211,1
0.576621,-4.6014,-1.69543,0.13957,211,1
0.556471,-4.43451,-2.45736,0.13957,211,1
1.38923,-4.14919,-1.46354,0.13957,-211,1
0.876495,0.223569,-1.42152,0.13957,211,1
3.14252,-0.0959005,-1.16326,0.13957,-211,1
7.67073,-0.400355,-1.1044,0.93827,2212,1
0.864919,-0.281227,-1.06838,0.13957,211,1
7.83304,-0.343264,-1.1308,0.13957,211,1
8.84696,-0.37926,-1.03746,0.13957,-211,1
7.85799,-0.424185,-1.03904,0.93827,-2212,1
1.84477,-0.535292,-1.09733,0.13957,-211,1
7.78946,-0.127464,-1.05297,0.49368,321,1
0.524186,0.0901235,-1.09369,0.13957,-211,1
3.31737,-0.0796303,-1.14401,0.13957,-211,1
2.45198,0.684668,-1.3938,0.13957,-211,1
4.21353,0.658396,-1.32352,0.93827,2212,1
0.529057,1.10352,-1.06064,0.13957,211,1
12.0455,0.678531,-1.29588,0.93827,-2212,1
0.818836,0.782636,-1.43442,0.13957,-211,1
10.0043,0.760564,-1.31702,0.93827,2212,1
4.75921,0.804778,-1.35301,0.13957,211,1
6.1106,0.859251,-1.33132,0.13957,211,1
0.743033,0.604831,-0.332117,0.13957,-211,1
0.357784,0.94162,-2.93313,0.13957,211,1
0.264923,0.492891,-0.463002,0.13957,-211,1
0.569613,2.47873,1.03017,0.13957,211,1
1.72102,2.06418,0.296197,0.49761,130,0
0.296671,1.40149,-1.7012,0.13957,211,1
3.63484,0.212496,-0.923237,0.13957,211,1
3.44437,0.066712,-1.10786,0.13957,-211,1
0.735918,0.565024,-1.47064,0.13957,211,1
0.518248,1.03854,-0.654004,0.49368,321,1
1.36894,0.768632,-0.838834,0.13957,-211,1
0.220159,5.13918,2.26194,0.13957,211,1
0.446259,-2.36323,1.32497,0.93957,-2112,0
0.675294,-4.3305,2.7162,0.13957,211,1
0.360732,-3.41225,-2.17992,0.13957,-211,1
0.278418,-6.3057,-1.07331,0.13957,-211,1
0.520775,-7.1668,0.547479,0.93827,2212,1
0.114205,-3.64224,2.1875,0.49761,130,0
0.0966752,3.77311,1.81588,0,22,0
0.250392,4.20565,2.58478,0,22,0
0.384062,4.22674,2.30493,0.13957,211,1
0.32559,4.05211,1.79338,0.13957,-211,1
0.33159,2.63098,0.533821,0.13957,211,1
0.631621,2.82812,0.0238653,0.13957,-211,1
1.89506,2.62006,-0.0503262,0,22,0
1.10105,2.66878,-0.130079,0,22,0
2.74787,2.69529,-0.077366,0,22,0
1.16623,2.71113,-0.00363151,0,22,0
0.443023,0.70095,0.0232835,0.13957,211,1
1.79923,2.91046,2.99765,0,22,0
0.209646,3.51055,-2.66888,0,22,0
0.108877,2.6608,-2.49086,0,22,0
0.67381,3.47009,2.46508,0,22,0
0.295523,3.77014,2.49316,0,22,0
0.0648197,4.26038,-1.20195,0,22,0
0.369809,4.02616,-0.335474,0,22,0
0.353329,2.57582,1.01111,0,22,0
0.335448,2.28697,-0.156729,0,22,0
0.996117,2.46546,-0.307145,0,22,0
0.420629,3.79413,0.797227,0,22,0
0.219869,4.62742,-1.03134,0,22,0
0.193785,4.57739,-0.0979622,0.13957,211,1
0.272376,5.78561,2.08506,0.13957,-211,1
0.156747,2.88468,1.75132,0,22,0
0.421941,2.00762,-0.853057,0,22,0
0.562439,-5.23516,2.78151,0.13957,211,1
0.383498,-5.38209,-2.46654,0.13957,-211,1
0.384547,-3.95014,1.39881,0.13957,211,1
0.124132,-3.53286,0.345185,0.13957,-211,1
0.0430729,0.770371,2.3166,0,22,0
0.269441,1.1839,2.17087,0,22,0
0.191649,-0.3088,-1.0846,0,22,0
0.196095,0.373998,-1.07064,0,22,0
0.120637,0.947374,-0.562014,0,22,0
1.58447,1.22189,-0.422316,0,22,0
0.53226,2.87692,1.64902,0,22,0
0.389034,3.05514,1.88652,0,22,0
0.0845733,2.59343,0.984533,0,22,0
0.486902,2.26663,0.397614,0,22,0
0.12703,2.80629,-0.283909,0,22,0
0.152269,1.88996,-0.488862,0,22,0
0.444154,6.43907,-0.0281068,0.49761,130,0
0.00970559,3.99357,-3.03174,0,22,0
1.23166,3.87575,1.92804,0,22,0
3.65344,1.11843,2.01257,0,22,0
1.25635,1.05722,2.02743,0,22,0
69.2244,1.23069,1.97056,0.93827,2212,1
59.0024,1.24634,1.97282,0.93957,-2112,0
2.36105,-0.27614,-1.10896,0.13957,211,1
0.788008,-0.107265,-1.02409,0.13957,211,1
4.74976,-0.230728,-1.09686,0.13957,-211,1
3.50722,-0.309606,-1.0344,0,22,0
7.83713,-0.292699,-1.05382,0,22,0
32.8609,-0.251749,-1.04564,0.13957,211,1
9.08074,-0.255642,-1.05062,0.13957,-211,1
14.7598,-0.263503,-1.02785,0,22,0
144.332,-0.263469,-1.03077,0,22,0
0.245034,-4.07574,-1.41742,0.13957,211,1
0.666754,-3.42916,-2.34979,0.13957,-211,1
0.200005,-4.4354,-0.666503,0.13957,211,1
0.252404,-3.36868,-2.75661,0.13957,-211,1
1.31944,-1.95742,-1.43797,0.13957,211,1
0.301397,-1.61103,-2.0429,0.13957,-211,1
0.294361,-0.933309,-1.56948,0,22,0
1.12339,-0.173586,-0.946546,0.13957,-211,1
0.096786,-2.67271,2.39798,0.13957,211,1
0.0787559,-3.39614,1.88862,0.13957,-211,1
0.160925,-4.85732,1.28212,0.13957,211,1
0.312184,-5.07286,-0.56419,0.13957,-211,1
0.268225,-5.34572,-2.41835,0,22,0
0.0552897,-5.21721,2.69901,0,22,0
0.268628,-3.46617,1.33994,0,22,0
0.17188,-3.84901,0.838484,0,22,0
0.267975,-2.4985,0.875905,0.93827,2212,1
0.475457,-0.865863,-0.40971,0.93827,-2212,1
0.264472,0.067034,2.714,0,22,0
0.483422,0.233931,3.05414,0,22,0
0.267453,-0.656681,2.25409,0.13957,211,1
0.122587,-1.56328,2.8134,0.13957,-211,1
0.137163,-0.278042,-2.02077,0,22,0
0.0617064,0.417112,-0.626067,0,22,0
23.9923,1.23318,2.18336,0.13957,-211,1
9.83609,1.21387,2.0926,0.93827,-2212,1
0.405702,1.45725,2.53152,0,22,0
0.287884,0.191499,1.32796,0,22,0
0.245248,0.607994,1.0405,0,22,0
0.982012,0.773143,-0.660879,0,22,0
0.871275,0.9109,-0.708711,0,22,0
0.798329,0.223478,0.389682,0.13957,211,1
1.43932,-0.152579,0.50239,0.13957,-211,1
0.10362,0.470089,0.250212,0,22,0
0.0682453,0.173699,2.06748,0,22,0
0.76851,-1.75963,1.58377,0,22,0
0.0769834,-2.23801,1.85797,0,22,0
0.0687421,-2.25736,-0.985996,0,22,0
0.362232,-2.0094,-1.82923,0,22,0
0.259214,-3.10552,2.03488,0.13957,211,1
0.539238,-2.8798,-2.81225,0.13957,-211,1
0.0661784,-1.52635,-1.16573,0,22,0
0.362132,-2.37154,-1.1171,0,22,0
1.65917,-3.45892,-2.11243,0.13957,211,1
1.08641,-3.68229,-1.96856,0.13957,-211,1
0.852065,-3.60372,-1.83224,0.13957,211,1
4.69873,-3.39666,-1.92053,0.13957,-211,1
3.98404,-3.49174,-2.04983,0,22,0
1.76035,-3.54177,-2.05956,0,22,0
0.113639,-3.54969,-1.59414,0,22,0
0.123895,-3.62109,-0.386804,0,22,0
1.91227,-0.174606,-1.17274,0.13957,211,1
0.983754,-0.131075,-1.10876,0,22,0
2.58114,-0.194478,-1.16493,0,22,0
6.92968,-0.339976,-1.07476,0,22,0
0.106871,-0.183296,-1.07635,0,22,0
4.12695,-0.3635,-1.06489,0.13957,211,1
3.29143,-0.431343,-1.09661,0.13957,-211,1
1.78195,-0.484352,-1.10288,0,22,0
0.748621,-0.421321,-1.00444,0,22,0
0.333743,1.52918,-0.493052,0,22,0
0.0227009,0.576079,0.786411,0,22,0
1.18017,2.05523,0.916899,0,22,0
1.25179,2.05488,0.805789,0,22,0
0.892314,1.86171,0.509747,0,22,0
0.66769,1.72512,0.61886,0,22,0
1.06066,-0.113792,-1.01145,0,22,0
2.87733,-0.0929537,-1.32565,0,22,0
0.970446,0.900886,-0.812593,0,22,0
0.00887614,1.29497,-2.36231,0,22,0
0.307616,2.58566,-2.06168,0.13957,211,1
0.209798,2.63432,2.4389,0.13957,-211,1
0.0208077,3.8297,0.0548253,0,22,0
0.201351,1.96176,0.575215,0.13957,211,1
0.13658,3.38277,-1.90882,0.13957,-211,1
0.114385,2.26851,-1.57668,0.13957,211,1
0.380441,2.50574,1.94525,0.13957,-211,1
0.320567,-7.63055,-1.26803,0,22,0
0.0425077,-7.1995,-0.137095,0,22,0
0.0222895,-9.19458,-0.175684,0,22,0
0.529451,-8.45726,-1.20847,0,22,0
0.247928,2.38046,0.849441,0,22,0
0.0644751,1.63029,0.0895822,0,22,0
0.448824,1.51856,1.05156,0,22,0
0.234231,1.30803,1.41243,0,22,0
0.170769,2.09183,2.09848,0,22,0
0.674036,2.45489,1.94013,0,22,0
0.21601,1.95908,-2.77356,0,22,0
0.135818,1.57363,2.8094,0,22,0
1.12358,2.85924,-0.100628,0,22,0
0.0689875,2.51397,-0.440865,0,22,0
0.158282,3.33266,-0.666051,0,22,0
0.178637,3.69024,-1.40016,0,22,0
0.0894873,4.14625,-0.245533,0.13957,211,1
0.763383,3.83046,-1.36896,0.13957,-211,1
0.114804,7.08896,-0.983017,0.93827,2212,1
0.0941273,5.22209,0.970969,0.13957,-211,1
0.844787,5.20769,0.30461,0.13957,211,1
0.616482,5.65321,-0.04852,0.13957,-211,1
0.155608,3.16994,-2.28864,0,22,0
0.0114913,5.65876,-2.04502,0,22,0
0.251479,4.51326,-2.51582,0,22,0
0.0995097,4.09954,3.00438,0,22,0
0.0469462,-7.16813,1.27841,0,22,0
0.0744801,-5.99337,-1.27551,0,22,0
1.62,-5.15433,2.27685,0,22,0
0.0957378,-4.86706,2.09117,0,22,0
0.350952,-4.51371,1.77087,0,22,0
0.358688,-4.89173,1.75955,0,22,0
0.0978972,-4.95043,-1.87456,0,22,0
0.0241759,-2.71193,-2.33949,0,22,0
7.99364,1.28694,2.15597,0,22,0
9.30441,1.29649,2.14357,0,22,0
0.301977,0.749218,-0.483551,0,22,0
0.448207,1.06913,-0.306133,0,22,0
0.417976,1.02326,-1.99138,0,22,0
0.70865,0.916147,-1.76724,0,22,0
0.247964,1.08544,0.0415867,0,22,0
0.0206156,1.10111,2.51017,0,22,0
0.288223,4.48895,1.72952,0,22,0
0.309129,4.04147,1.75937,0,22,0
0.412883,4.66283,1.46263,0,22,0
3.50782,4.5554,1.43055,0,22,0
1.23997,1.47689,2.19962,0,22,0
0.451392,1.31106,2.12897,0,22,0
1.72635,-0.310876,-1.02648,0,22,0
1.1379,-0.248829,-1.10014,0,22,0
21.1517,-0.246289,-1.03442,0,22,0
7.19909,-0.238423,-1.02682,0,22,0
0.128841,-0.91968,-1.48301,0,22,0
0.209584,-0.89579,-0.636928,0,22,0
0.902749,-1.98811,-1.65523,0,22,0
2.14619,-1.96145,-1.56196,0,22,0
0.659354,-1.95467,-1.08341,0.13957,211,1
1.24965,-2.1527,-1.47232,0.13957,-211,1
0.0956,-2.26348,1.84789,0,22,0
0.0733274,-2.57877,0.0250231,0,22,0
0.104914,-3.31293,2.17555,0,22,0
0.230262,-3.62985,1.34374,0,22,0
0.0879542,-5.37173,-2.14495,0,22,0
0.671305,-5.19051,-2.67619,0,22,0
0.130737,-2.12235,0.337121,0,22,0
0.303749,-2.07523,1.02639,0,22,0
0.0286017,-0.803007,2.51298,0,22,0
0.352682,-1.05852,1.07228,0,22,0
0.343891,0.214325,-0.625821,0,22,0
0.258014,0.069362,-1.05848,0,22,0
0.169026,-0.626539,2.99103,0,22,0
0.743772,-0.495448,2.63173,0,22,0
0.181584,-0.596326,-1.87334,0,22,0
0.243058,-1.17118,-1.60204,0,22,0
0.276741,1.05553,2.36421,0.13957,211,1
1.57465,1.41625,2.29574,0.13957,-211,1
0.312273,0.887851,-0.192571,0,22,0
0.0185013,-0.558492,0.65112,0,22,0
1.83513,-0.051911,0.0280196,0,22,0
0.189534,-0.199005,-0.147439,0,22,0
0.0844078,-0.371203,-0.710567,0,22,0
0.0107225,0.569521,2.75783,0.000511,11,1
0.0329978,0.606757,2.6974,0.000511,-11,1
0.141598,0.212052,-2.94668,0,22,0
0.115337,-0.0575729,-1.87513,0,22,0
0.187769,-0.853006,-0.0252414,0,22,0
0.109335,-0.850093,0.95567,0,22,0
0.494173,-3.87541,-1.04878,0,22,0
0.612063,-3.77639,-1.27381,0,22,0
0.118517,0.482371,-1.53551,0,22,0
0.167963,0.248981,-2.50013,0,22,0
0.590034,0.506335,-1.90881,0,22,0
0.560618,0.552872,-1.67827,0,22,0
0.366809,0.377373,-1.60253,0,22,0
0.224767,0.726624,-1.28857,0,22,0
0.103357,1.48201,-2.66508,0,22,0
0.137195,1.32542,-1.47313,0,22,0
0.584432,1.58689,-1.13116,0,22,0
0.014311,0.82342,0.221227,0,22,0
0.697318,1.88342,-0.912597,0,22,0
0.180123,2.16528,-0.656775,0,22,0
0.605031,1.6194,0.997309,0,22,0
0.659941,1.681,0.792417,0,22,0
0.395782,1.27488,0.171261,0,22,0
0.409999,1.60613,0.210592,0,22,0
0.0604556,3.25543,2.36831,0.13957,211,1
0.397938,1.45141,-1.93185,0.13957,-211,1
1.06367,0.0402148,-0.711952,0,22,0
0.0697671,0.0480729,-1.2126,0,22,0
0.370863,3.87047,1.09532,0,22,0
0.172737,3.57241,0.650167,0,22,0
0.0335275,-2.74582,0.842706,0,22,0
0.026595,0.362705,0.819556,0,22,0
0.0860615,-6.05713,1.31409,0,22,0
0.240843,-6.86505,1.7535,0,22,0
0.0325951,-6.64251,-1.70296,0,22,0
0.153797,-5.89038,2.46165,0,22,0
0.287063,7.00488,-2.87063,0.13957,211,1
0.151336,7.22502,0.747434,0.13957,-211,1
0.0588964,3.59743,-0.404955,0,22,0
0.132495,4.09953,-2.01444,0,22,0
0.351929,2.96152,0.210924,0,22,0
0.0218384,2.63065,1.91217,0,22,0
1.22691,1.70618,1.43143,0.49368,321,1
0.991459,1.66667,1.20825,0.49368,-321,1
0.0289041,1.98379,1.41637,0,22,0
0.461976,2.70495,2.35701,0,22,0
0.205036,2.5423,2.24328,0,22,0
0.244507,3.13633,2.25,0,22,0
0.392276,2.52582,2.29964,0,22,0
0.29486,2.13149,2.30091,0,22,0
0.209052,2.85648,2.60301,0,22,0
0.464301,2.98902,2.18758,0,22,0
0.0528042,5.51783,2.18593,0,22,0
0.0728135,4.67822,-0.862705,0,22,0
0.514414,4.12326,0.579566,0.10566,13,1
0.142275,5.81366,1.8432,0.49368,321,1
0.0224032,5.43039,1.10612,0,22,0
0.101442,3.57692,-1.29652,0,22,0
0.0240609,6.90882,-0.047292,0,22,0
0.124077,4.88985,0.628486,0,22,0
0.0688502,-5.08175,3.0759,0,22,0
0.162202,-5.77279,1.95258,0,22,0
0.0581141,-3.80507,-0.878221,0,22,0
0.0988492,-5.27366,-0.0840096,0,22,0
3.91157,1.41236,2.23475,0.13957,-211,1
1.13612,1.43867,1.99024,0.13957,211,1
0.0444438,6.66058,-2.10349,0.13957,211,1
0.575461,5.99339,-0.269002,0.13957,-211,1
0.883587,2.11018,2.21529,0.13957,211,1
1.20912,2.3092,2.2395,0.49368,-321,1
0.190553,1.67737,-3.0039,0.13957,211,1
62.654,1.24255,1.9536,0.93957,-2112,0
16.515,1.23984,2.01588,0.13957,-211,1
2.49225,1.19079,1.95164,0.13957,211,1
14.6452,1.22896,1.96058,0.13957,-211,1
7.07025,-0.203765,-1.0979,0.13957,211,1
5.051,-0.323693,-1.11648,0.13957,-211,1
0.140514,-0.378437,-1.2249,0,22,0
2.38467,-0.305382,-1.00301,0,22,0
7.04118,-0.244886,-1.06225,0,22,0
2.99216,-0.26956,-1.04625,0,22,0
0.393451,-0.453618,-1.74083,0,22,0
0.133958,-0.658689,-1.18272,0,22,0
0.895754,-0.342459,-1.3842,0,22,0
0.236434,-0.625754,-1.45656,0,22,0
0.73642,-0.69633,-1.3504,0,22,0
0.21468,-0.404102,-1.5216,0,22,0
0.186504,-0.910445,-1.55793,0,22,0
0.121423,-0.0615069,-1.35882,0,22,0
0.0940045,-3.74184,-1.86736,0,22,0
0.0191864,-5.82767,1.00189,0,22,0
0.121525,-2.85847,0.0609367,0,22,0
0.0623325,-3.10533,-1.68271,0,22,0
0.746817,-1.7646,-1.4786,0,22,0
0.167804,-1.74832,-1.86189,0,22,0
0.440074,-1.80031,-1.38687,0,22,0
2.44113,-1.73666,-1.50054,0,22,0
7.70402,-0.225746,-1.02444,0,22,0
0.561654,-0.289384,-1.01181,0,22,0
0.428505,-0.752535,-0.978579,0,22,0
0.525858,-0.476848,-1.0447,0,22,0
0.252997,-2.21282,0.826767,0,22,0
0.0287214,-1.63527,-0.826334,0,22,0
0.132908,-3.62378,0.166634,0,22,0
0.0564689,-3.08371,-1.46859,0,22,0
0.0683722,-1.50655,0.892227,0,22,0
0.247786,-1.15776,-0.12734,0,22,0
0.132843,-0.147693,-1.42647,0,22,0
0.0440326,1.40482,-1.85365,0,22,0
0.134041,1.3478,-1.942,0,22,0
0.326855,0.761503,-1.69205,0,22,0
0.157938,0.530819,-1.29972,0,22,0
0.128212,0.352038,-2.26869,0,22,0
0.0899455,0.549808,-1.69519,0,22,0
0.0542773,0.671903,0.908011,0,22,0
0.0654248,-1.51707,-2.73548,0,22,0
0.132106,-0.180143,-2.93079,0,22,0
0.0427771,-1.33581,0.0570015,0,22,0
0.114713,-1.08489,-2.48366,0,22,0
2.62392,1.28321,2.10189,0.13957,211,1
21.1088,1.24698,2.13181,0.13957,-211,1
19.9613,1.26649,2.12089,0,22,0
1.02169,1.31309,2.08634,0,22,0
0.411423,1.39765,2.27687,0,22,0
1.54423,1.42005,1.89532,0,22,0
1.48953,1.36662,1.82413,0,22,0
1.34081,0.344113,-0.529952,0,22,0
1.748,0.334992,-0.617676,0,22,0
1.37845,0.427417,-0.551797,0,22,0
0.215581,0.644634,-0.669942,0,22,0
1.8182,0.425881,-0.526354,0,22,0
0.552972,0.300946,-0.576285,0,22,0
1.80666,0.00517195,0.566478,0,22,0
0.625876,-0.0233629,0.442712,0,22,0
0.270437,-2.8489,-2.82043,0,22,0
0.0819541,-3.5171,-2.21217,0,22,0
0.0894821,-2.73174,-1.46881,0,22,0
0.421231,-3.25542,-1.92305,0,22,0
0.418603,-3.24425,-1.96976,0,22,0
1.12416,-3.43484,-2.01753,0,22,0
4.30215,-0.0769647,-1.09806,0.49368,-321,1
4.65462,-0.138913,-1.21423,0.13957,211,1
1.8754,-0.278096,-1.14795,0,22,0
0.134831,-0.0108667,-1.13326,0,22,0
0.0297521,1.70597,1.44575,0,22,0
0.200538,2.94128,2.6715,0,22,0
0.112765,1.43216,-2.12893,0,22,0
0.0770036,1.46333,2.5348,0,22,0
0.32029,5.17964,2.99111,0,22,0
0.0128634,3.82515,-1.57608,0,22,0
0.505814,5.13864,2.19575,0,22,0
0.398619,4.91267,2.39376,0,22,0
0.0349232,1.53511,-0.680887,0,22,0
0.338464,1.47353,0.656598,0,22,0
0.302889,0.620854,0.226164,0,22,0
0.0595067,-0.312793,0.498986,0,22,0
0.0349588,2.33929,-1.59496,0,22,0
0.185127,1.86687,2.8191,0,22,0
0.0469673,0.982413,1.96123,0,22,0
0.862272,1.21895,2.59944,0,22,0
1.25012,1.63029,1.987,0.13957,-211,1
28.9728,1.28749,2.16093,0,22,0
28.8764,1.29216,2.16095,0,22,0
15.7925,1.27306,2.15066,0.13957,-211,1
1.91505,1.33041,2.18055,0.13957,211,1
31.1816,1.25112,2.16464,0.13957,-211,1
1.28022,2.03682,2.74272,0.49761,130,0
1.27163,1.19615,1.98995,0,22,0
0.819398,1.27457,2.09646,0,22,0
1.46795,-0.33268,-1.02345,0,22,0
1.6166,-0.326075,-1.11085,0,22,0
1.33644,-0.201132,-1.10573,0,22,0
1.1459,-0.260205,-1.19745,0,22,0
0.990397,-0.556069,-1.80966,0.13957,211,1
0.388669,0.0192576,-0.941679,0.13957,-211,1
0.302104,-0.324832,-0.942946,0.13957,211,1
3.30504,-0.311807,-1.00308,0.13957,-211,1
0.457387,-1.8126,-1.27983,0,22,0
0.517277,-2.08888,-1.29348,0,22,0
44.9288,1.24053,2.1238,0.13957,211,1
6.32669,1.23703,2.15942,0,22,0
13.2404,1.24628,2.14793,0,22,0
3.42177,-0.187509,-1.19653,0.13957,211,1
4.4653,-0.230557,-1.18554,0.13957,-211,1
0.817149,1.88698,1.72446,0.10566,-13,1
2.42637,1.61178,2.03372,0.49368,-321,1
0.0305392,2.35448,1.81354,0,22,0
0.577402,1.40733,2.07324,0,22,0
0.130797,0.984869,1.77054,0,22,0
0.586968,0.75319,2.20213,0,22,0
21.7573,1.25882,2.17418,0,22,0
22.1465,1.2565,2.16848,0,22,0
1.31058,-0.582636,-1.36044,0,22,0
0.912645,-0.662433,-1.26627,0,22,0
80.0312,1.23795,2.11808,0.93957,2112,0
2.48673,-0.156502,-1.16584,0,22,0
1.33872,-0.165826,-1.23925,0,22,0
25.8238,1.26106,2.15563,0.13957,211,1
3.27268,1.25774,2.18068,0,22,0
13.1884,1.24715,2.16307,0,22,0
3.16577,-0.344976,-1.09946,0,22,0
1.93065,-0.315659,-1.05339,0,22,0
0.681205,-0.288392,-0.989826,0,22,0
3.02893,-0.23301,-1.06575,0,22,0
0.358606,-1.02644,-2.56474,0,22,0
0.293736,-0.630227,-2.44671,0,22,0
0.148311,-0.0309203,-2.66197,0,22,0
0.026117,0.994201,-0.198465,0,22,0
5.15254,1.23142,2.11565,0,22,0
12.2992,1.24203,2.12887,0,22,0
10.8808,1.30022,2.13858,0,22,0
1.03184,1.25998,2.13691,0,22,0
1.96923,1.21559,2.19033,0,22,0
2.05259,1.27863,2.16726,0,22,0
1.17722,1.24576,2.13815,0,22,0
32.843,1.25026,2.15939,0,22,0
1.37605,-0.512198,-1.60764,0,22,0
0.0829481,-0.236012,-1.8965,0,22,0
0.546148,-0.441117,-1.12895,0,22,0
0.18693,-0.33727,-1.54134,0,22,0
69.4598.

