16.6794,-0.223424,-1.43752,0.13957,211,1
14.6289,0.0238855,-1.19016,0.13957,-211,1
1.26424,-0.201931,-1.49911,0.13957,211,1
0.686367,0.598791,-2.11293,0.13957,211,1
0.845024,1.19121,-2.55512,0.13957,-211,1
1.97242,0.0804488,-1.4036,0.13957,211,1
0.124334,-2.76016,-0.882577,0.13957,-211,1
1.23501,-2.65324,-2.52187,0.13957,211,1
0.727407,-2.69069,-1.84567,0.13957,211,1
1.3694,-2.34957,-1.21435,0.13957,211,1
0.328812,-2.42906,-1.00345,0.93827,2212,1
0.518772,-1.27265,3.11557,0.13957,211,1
0.240518,1.00136,-3.10627,0.13957,211,1
0.0480718,2.00398,2.63714,0.13957,211,1
4.47286,-2.57356,-1.11218,0.93957,2112,0
0.605307,-3.29694,0.400004,0.49368,-321,1
0.184752,-4.86604,-2.91671,0.93957,2112,0
1.72218,-3.98637,1.23765,0.13957,211,1
0.290445,-6.10147,-1.72301,0.49368,-321,1
0.403075,-8.71515,2.47775,0.93827,2212,1
7.09654,-1.01976,-0.661927,0.13957,-211,1
2.60189,-1.06462,-1.0283,0.93827,2212,1
2.71963,-1.17619,-0.965677,0.13957,-211,1
1.72263,-1.17582,-0.978696,0.93957,-2112,0
2.16199,-1.49411,-0.792127,0.13957,-211,1
1.42895,-1.0631,-1.39722,0.13957,211,1
1.09687,-2.14551,-1.32657,0.13957,-211,1
0.818071,-2.22144,-1.12771,0.49368,321,1
1.42207,-2.36805,-0.674695,0.49368,-321,1
1.00522,-1.93093,-2.64273,0.49368,321,1
0.472427,1.17918,-1.26595,0.49368,321,1
0.799145,0.892535,-2.6356,0.49368,-321,1
0.884066,1.63404,-0.725241,0.13957,211,1
0.399192,0.979775,0.470308,0.13957,-211,1
0.502856,2.01149,-1.48124,0.49368,321,1
0.488155,4.61052,0.0430956,0.13957,211,1
0.436451,5.41465,-2.97029,0.13957,211,1
0.315268,5.23565,3.04477,0.13957,-211,1
1.08419,6.13521,-2.20995,0.49368,321,1
1.18512,4.56994,-2.01949,0.13957,-211,1
0.119121,4.31778,2.84099,0.13957,211,1
0.706843,3.53815,2.41233,0.93957,2112,0
0.52304,-0.398653,1.95018,0.13957,-211,1
0.559414,-0.215792,-2.84628,0.13957,211,1
0.84952,-0.75503,1.78774,0.93957,2112,0
0.33655,-0.136749,-1.72519,0.93827,-2212,1
0.708144,3.40484,-1.03184,0.49368,-321,1
0.257479,4.11444,1.83658,0.13957,211,1
0.123996,3.26829,-0.518187,0.13957,-211,1
1.30288,3.38682,-1.81918,0.13957,211,1
0.515493,3.35197,2.61702,0.13957,-211,1
0.783908,2.04678,-1.73697,0.49368,321,1
0.786134,2.80861,-3.02719,0.93957,2112,0
0.382113,3.14275,1.46202,0.93827,-2212,1
0.176041,2.39817,-2.53307,0.13957,211,1
0.228112,-3.42785,2.55341,0.93957,-2112,0
0.292366,-0.418666,1.30953,0.13957,-211,1
0.365949,3.14652,1.79147,0.49368,-321,1
0.32278,3.69702,1.30856,0.49368,321,1
2.1293,2.40679,1.82643,0.49368,-321,1
1.3403,0.860674,2.64293,0.13957,-211,1
1.17232,-2.39788,2.88598,0.93827,2212,1
0.479309,-3.28791,0.851788,0.93827,-2212,1
1.07884,-5.43512,2.07158,0.13957,-211,1
1.37696,-5.0598,1.25389,0.13957,-211,1
0.9882,-5.52023,0.86108,0.13957,211,1
1.38333,-4.65293,1.05834,0.93957,2112,0
1.03897,-5.00597,0.068389,0.93827,-2212,1
0.252984,-4.92215,2.75697,0.13957,211,1
0.308848,-1.9999,0.109567,0.13957,-211,1
1.34666,-3.1227,0.760084,0.13957,211,1
1.08286,-3.82143,1.17814,0.13957,-211,1
1.74286,-2.95617,1.04652,0.13957,211,1
0.364805,-2.79821,0.515346,0.13957,-211,1
0.223244,-2.54482,2.03402,0.13957,211,1
1.81021,-2.98913,1.62589,0.13957,-211,1
1.20802,-3.12749,0.910828,0.49368,321,1
0.397761,-2.36028,2.72929,0.13957,-211,1
0.587687,-2.40798,2.06382,0.13957,211,1
1.01787,-1.43377,1.25628,0.13957,-211,1
2.23691,-1.21134,1.27156,0.13957,211,1
8.87869,-1.14589,1.6382,0.13957,-211,1
9.50634,-0.994207,1.71056,0.49368,321,1
24.3251,-1.01734,1.68518,0.13957,-211,1
3.9227,-1.10161,1.59587,0.13957,-211,1
5.41587,-0.883904,2.51911,0.13957,-211,1
0.454514,-0.822786,3.06501,0.13957,-211,1
0.909297,-0.804157,0.643846,0.13957,-211,1
0.746921,-0.548791,-0.97818,0.49368,321,1
0.532098,0.474278,-0.940409,0.13957,-211,1
0.620963,0.523786,1.50185,0.13957,-211,1
6.48571,1.51319,-2.00418,0.93827,2212,1
3.44225,1.54145,-2.0132,0.93827,-2212,1
2.47596,1.61474,-2.38414,0.13957,-211,1
3.31646,2.18741,-2.50107,0.13957,211,1
0.281234,1.93947,-0.418486,0.13957,-211,1
1.01114,2.10864,-2.65061,0.93827,2212,1
0.708632,-1.05962,0.782553,0.93827,-2212,1
1.48409,-1.97747,0.516256,0.13957,211,1
1.19938,-2.27822,0.323586,0.13957,-211,1
0.732835,-0.35897,-0.470488,0.49368,-321,1
0.489549,-0.930125,0.0667488,0.13957,211,1
0.247182,-0.33279,-3.01487,0.13957,-211,1
0.112886,4.22368,0.719353,0.13957,-211,1
0.340449,6.02833,-1.40572,0.13957,-211,1
2.33933,-0.362856,-1.42756,0.13957,-211,1
36.6602,-0.119129,-1.45946,0.13957,211,1
15.7454,-0.143216,-1.46895,0.13957,-211,1
7.41391,-0.0190642,-1.47621,0.13957,211,1
1.29473,-0.169367,-1.35935,0.13957,-211,1
1.16765,-0.121717,-1.54539,0.13957,211,1
7.12074,-0.0601225,-1.35611,0.13957,-211,1
1.49815,0.113113,-2.8207,0.49761,130,0
0.621417,-3.07974,-0.461453,0.13957,211,1
0.566056,-2.12656,-2.47342,0.13957,-211,1
0.0919284,-4.59406,-0.0444357,0.13957,-211,1
0.834451,-2.75886,-1.29919,0.13957,-211,1
1.85433,-1.25088,-1.85681,0.93827,-2212,1
0.211633,-2.21209,-1.86132,0.13957,-211,1
0.329923,-0.347469,2.56913,0.13957,211,1
0.531197,-0.88836,-1.87208,0.13957,-211,1
0.706872,-1.52089,-3.06188,0.13957,-211,1
0.580702,-0.341256,0.945353,0.13957,-211,1
0.214213,-2.11277,-1.93182,0.13957,211,1
2.09244,-2.74752,-0.455709,0.13957,-211,1
0.358107,-6.74926,0.466497,0.13957,211,1
0.365067,-7.87554,-2.75308,0.13957,-211,1
0.87218,-0.803777,-1.03332,0.13957,-211,1
1.1336,-0.747376,-1.13807,0.13957,211,1
0.816129,-0.705543,-0.452805,0.13957,-211,1
18.7381,-0.883058,-0.773605,0.13957,211,1
6.01518,-0.892113,-0.78381,0.13957,-211,1
4.90504,-1.0063,-0.490864,0.13957,211,1
0.461552,-0.948685,-0.546975,0.13957,211,1
0.862797,-2.15137,-0.893704,0.13957,-211,1
1.08441,1.49162,0.238886,0.49761,130,0
0.499074,3.8178,-0.386056,0.13957,-211,1
0.111394,4.43756,2.32512,0.13957,-211,1
0.344839,5.20239,-1.87285,0.13957,211,1
0.24932,3.71253,0.551094,0.13957,211,1
0.439176,3.53133,-2.7061,0.13957,-211,1
0.593997,2.58001,-1.41947,0.13957,-211,1
0.593722,3.0419,-1.59199,0.93957,-2112,0
0.359592,3.06937,2.07363,0.13957,211,1
0.598163,-2.13202,1.71486,0.13957,211,1
0.235717,5.41588,2.59658,0.49368,321,1
0.427026,4.66981,0.304299,0.13957,-211,1
0.106465,4.5077,-0.369729,0.49368,-321,1
0.397474,3.21836,1.91635,0.13957,211,1
0.709002,0.600265,-0.833465,0.13957,-211,1
1.33404,-0.177823,-2.20185,0.13957,211,1
2.65632,0.143725,-2.08202,0.13957,-211,1
0.255471,-7.02487,0.176905,0.13957,211,1
0.514332,-3.16386,-2.53719,0.13957,-211,1
0.286632,-2.74078,-0.548637,0.13957,211,1
0.0752127,-3.83965,2.96089,0.93827,2212,1
0.170214,-2.02693,-1.7042,0.13957,-211,1
0.236537,-0.364276,-0.856071,0.13957,211,1
0.726886,2.7192,1.47453,0.13957,211,1
1.04761,2.46166,1.92718,0.13957,211,1
2.91785,2.37702,1.5429,0.13957,-211,1
0.261757,0.827204,-1.18894,0.13957,211,1
0.608949,0.181978,0.433005,0.13957,-211,1
0.405087,-4.20467,-2.98118,0.93827,2212,1
0.595897,-2.80661,-1.93225,0.13957,211,1
0.571657,-5.10666,1.07441,0.93957,-2112,0
0.326371,-6.06551,-1.99731,0.13957,211,1
0.209737,-4.54444,2.15019,0.13957,-211,1
0.331654,-4.21082,0.361289,0.13957,211,1
1.27217,-3.15826,0.55529,0.13957,-211,1
2.25411,-3.00586,1.51475,0.49368,-321,1
0.471973,-2.85922,0.900873,0.13957,211,1
1.29876,-2.48723,1.61793,0.13957,211,1
0.19176,-2.90681,0.277253,0.13957,-211,1
0.514784,-1.47714,1.92836,0.13957,211,1
5.03627,-1.24253,1.64194,0.13957,-211,1
3.2274,-1.3511,1.61671,0.49761,130,0
3.32003,-1.13004,1.62047,0.49761,130,0
6.11818,-1.10825,1.66878,0.49368,-321,1
5.78968,-1.09053,1.63807,0.13957,211,1
3.23215,-1.02506,1.69588,0.49761,130,0
1.86701,-1.13051,1.82139,0.13957,211,1
1.96606,-0.75653,2.26147,0.49368,321,1
3.44973,-1.02132,2.33044,0.49761,130,0
52.0899,-0.821136,2.31352,0.13957,211,1
5.56713,-0.817744,2.25518,0.13957,-211,1
2.84163,-0.718839,2.35925,0.13957,-211,1
0.261046,-1.00687,1.73743,0.13957,211,1
0.349736,-0.0616378,1.45142,0.13957,211,1
1.26277,-0.530249,1.58886,0.13957,-211,1
0.602932,-0.203918,-1.99561,0.13957,211,1
1.20292,-0.292972,0.190047,0.49368,-321,1
0.75962,-0.888325,0.0743702,0.13957,211,1
0.549285,0.824878,1.17946,0.13957,211,1
2.64262,1.59244,-2.05557,0.13957,211,1
0.955624,1.69128,-1.78882,0.13957,211,1
0.442963,1.90095,-2.78172,0.49368,321,1
0.583071,1.65485,-1.66148,0.13957,-211,1
1.80188,1.57583,-2.45309,0.13957,-211,1
2.66056,-1.85206,0.17223,0.93957,2112,0
2.23098,-1.96424,0.276168,0.93957,-2112,0
1.32825,-1.65643,0.25801,0.13957,211,1
0.919925,-1.74712,0.180129,0.13957,-211,1
0.423236,-1.86535,-0.141882,0.13957,211,1
0.448026,-0.0899233,2.99945,0.13957,211,1
0.192073,-1.17541,0.465311,0.13957,-211,1
0.212834,-1.15483,2.29768,0.13957,211,1
0.303713,0.661123,0.0275155,0.13957,-211,1
0.415224,2.87712,0.490038,0.13957,211,1
0.596982,2.98259,0.448655,0.13957,211,1
0.184332,3.40995,-2.71683,0.13957,-211,1
0.241139,4.03649,-1.29766,0.13957,211,1
0.271813,9.9726,0.233323,0.93827,2212,1
0.137915,8.32921,0.372658,0.13957,211,1
1.77786,-2.62039,-0.806094,0.49761,130,0
0.579927,-1.71532,2.04843,0.49761,130,0
1.10254,-2.19989,0.440577,0.49761,130,0
0.236904,-3.10402,1.27343,0.49761,130,0
0.790145,2.26312,-0.938113,0.13957,211,1
0.737829,1.92726,-1.48618,0.13957,-211,1
0.61459,1.76141,-1.69134,0,22,0
0.114949,3.11756,2.96622,0,22,0
1.26948,2.01741,-1.14177,0,22,0
0.5788,1.86663,-1.09684,0,22,0
0.553045,1.99401,-2.62521,0,22,0
0.0152065,1.25248,-1.2604,0,22,0
0.254509,1.99381,-2.36064,0,22,0
1.05028,1.16722,-3.00395,0,22,0
69.8971,-0.111006,-1.47035,0,22,0
41.5266,-0.110387,-1.46792,0,22,0
0.049936,0.271914,-1.70106,0,22,0
0.221884,-0.136969,-0.395961,0,22,0
0.100579,1.59074,-2.70132,0.13957,211,1
0.952006,0.290685,-2.37497,0.13957,-211,1
0.1955,-1.68989,3.01704,0.13957,211,1
0.31316,-0.405256,3.04318,0.13957,-211,1
0.218781,-0.834417,1.38792,0,22,0
0.0472005,-1.54598,2.56691,0,22,0
0.225172,-2.78811,-2.84452,0.13957,211,1
0.343923,-2.29536,-2.18094,0.13957,-211,1
0.287842,-2.37552,-3.13933,0,22,0
0.0174297,-3.66455,-1.70557,0,22,0
0.220455,-1.95861,-0.912303,0,22,0
0.630195,-2.01774,-0.553101,0,22,0
0.834992,-1.87367,-1.49465,0.13957,211,1
0.911616,-1.33785,-1.15582,0.13957,-211,1
0.121975,-1.72605,-2.73964,0.13957,211,1
0.152577,-0.794523,-0.83755,0.13957,-211,1
0.375196,-0.489446,2.41701,0.13957,211,1
0.0975771,-1.8723,-1.90296,0.13957,-211,1
1.14053,-1.27146,1.41976,0.93827,-2212,1
0.379255,-0.582324,2.12249,0,22,0
0.635575,-0.497855,2.38486,0,22,0
0.27208,-0.232247,0.267086,0.13957,211,1
0.481577,0.827649,0.7976,0.13957,-211,1
1.03617,-3.21768,-0.817881,0.93827,-2212,1
0.24833,-3.27276,-1.23642,0.13957,211,1
0.56269,-2.51264,-1.11599,0.13957,211,1
0.131394,-3.90105,-0.285303,0.13957,-211,1
0.0432869,-5.46607,-0.345405,0.13957,211,1
0.136464,-3.86107,-0.405457,0.13957,-211,1
0.0614496,-4.98517,1.54742,0,22,0
0.539086,-4.83927,1.89479,0,22,0
0.0775835,-5.48056,1.79436,0,22,0
0.138927,-8.24488,-0.334838,0,22,0
0.284772,-7.58394,-0.42183,0,22,0
0.834726,0.0796013,-1.40059,0.13957,211,1
1.54082,-0.294812,-0.884719,0,22,0
2.83408,-0.273262,-0.94562,0,22,0
0.0731326,-0.598776,-0.725158,0,22,0
1.73321,-0.539899,-1.10191,0,22,0
1.80066,-0.617824,-0.882552,0.13957,211,1
1.77086,-0.897632,-0.883063,0.13957,-211,1
11.9083,-0.859476,-0.775942,0,22,0
5.25294,-0.818115,-0.831512,0,22,0
0.250383,-0.992161,-0.222673,0,22,0
3.63234,-0.993396,-0.672736,0.93827,-2212,1
0.728947,-1.13147,-0.736508,0.13957,211,1
1.38972,-1.31655,-1.29988,0.13957,211,1
0.723114,-1.39414,-1.23369,0.13957,-211,1
0.164494,-1.78416,-2.02468,0.13957,211,1
0.189483,-2.28219,-1.48809,0.13957,-211,1
2.82149,-2.39032,-1.07625,0.13957,211,1
2.82737,-2.39598,-0.977389,0.13957,-211,1
5.89098,-2.45873,-0.995533,0.93957,2112,0
2.1462,-2.52391,-0.923529,0.13957,211,1
0.681452,-2.35338,-1.02842,0,22,0
4.338,-2.59113,-1.1756,0,22,0
1.96549,-2.59943,-1.13012,0,22,0
0.121608,2.0847,0.986351,0,22,0
0.289155,1.37994,1.00987,0,22,0
0.106508,5.25664,3.00586,0,22,0
0.0941106,5.07229,-1.81494,0,22,0
0.218367,6.56286,-0.827862,0.13957,211,1
0.201589,6.52472,-3.02066,0.13957,-211,1
0.0747924,6.11975,2.88701,0.13957,211,1
0.154449,3.99266,-1.18453,0.13957,-211,1
0.0105732,2.07438,1.33899,0,22,0
0.700107,3.27087,2.29755,0,22,0
0.262057,2.53723,-0.636189,0.13957,211,1
0.15441,3.5656,1.0664,0.13957,-211,1
0.346545,4.20501,0.990874,0,22,0
0.0692669,4.49003,1.83901,0,22,0
2.60221,0.248643,-2.01447,0.13957,211,1
0.738795,0.36067,-2.12828,0.13957,-211,1
7.76585,0.0718247,-1.99614,0.13957,-211,1
0.349063,-6.81712,-2.11372,0,22,0
0.179865,-6.41034,-2.46543,0,22,0
0.366461,-2.66436,0.0055904,0,22,0
0.381179,-2.03828,-1.4367,0,22,0
0.1308,-1.27575,1.83927,0.13957,211,1
0.29402,0.528406,0.448398,0.13957,-211,1
0.536127,-5.64363,0.569346,0,22,0
0.0613305,-5.35497,-0.130566,0,22,0
0.221195,-4.96065,1.31908,0,22,0
0.37695,-4.4976,1.33434,0,22,0
1.06538,-3.75931,-0.661707,0,22,0
0.533971,-3.39641,-0.0228463,0,22,0
0.215708,-3.03261,-0.0615017,0,22,0
0.577896,-3.16013,0.300861,0,22,0
0.831755,-2.63695,1.68221,0,22,0
0.00122768,-5.5124,0.0849595,0,22,0
0.0673986,-3.00151,1.63591,0,22,0
0.330335,-3.87662,1.68469,0,22,0
0.495526,-2.28511,0.401019,0,22,0
0.0117059,-6.22899,2.02428,0,22,0
0.770681,-2.35567,1.63397,0.13957,211,1
0.648609,-1.97163,1.89349,0.13957,-211,1
0.791748,-1.64533,1.86524,0,22,0
0.426723,-1.62818,1.86931,0,22,0
0.163369,-1.53472,1.36126,0,22,0
33.8177,-1.02845,1.70733,0.000511,-11,1
1.72537,-1.08138,1.65581,0,22,0
0.3236,-0.939816,1.88454,0,22,0
0.0941757,-0.219194,2.12108,0,22,0
2.73623,-0.856957,2.30845,0.13957,211,1
1.99636,-0.722296,2.43589,0.13957,-211,1
1.36813,-1.02008,2.29657,0,22,0
1.59477,-1.01452,2.38781,0,22,0
2.39532,-0.99284,2.32904,0.13957,211,1
2.01294,-0.741761,2.10988,0.13957,-211,1
0.238822,-0.377813,-0.0387614,0,22,0
0.0733651,0.554023,-0.36714,0,22,0
0.473071,1.4938,-0.420148,0.13957,211,1
0.171304,0.77466,-0.824643,0.13957,-211,1
0.264179,1.37676,-1.64206,0.13957,211,1
0.207913,3.07217,-2.07176,0.13957,-211,1
0.0828364,1.87218,-3.13461,0,22,0
0.0319093,3.9069,2.0378,0,22,0
0.431919,2.57361,-2.59286,0,22,0
0.415614,1.01743,2.93571,0,22,0
0.466669,0.847879,-2.01973,0,22,0
0.0406637,-0.529013,-2.11909,0,22,0
0.298673,-0.833303,-0.849398,0,22,0
0.202727,3.25362,-0.11409,0.13957,211,1
0.218299,1.75256,1.49563,0.13957,-211,1
0.00987985,-1.36633,0.757583,0,22,0
0.291989,0.322153,2.69647,0,22,0
0.122915,4.75134,-2.67222,0,22,0
0.0660921,3.53541,2.83472,0,22,0
0.335292,6.28229,-2.66129,0.13957,211,1
0.195827,5.87929,1.91539,0.13957,-211,1
0.226133,6.35614,3.05412,0.13957,211,1
0.267741,5.67034,-0.335536,0.13957,-211,1
7.47799,-0.197853,-1.44451,0,22,0
16.839,-0.20592,-1.45344,0,22,0
0.2038,0.00363753,-1.41063,0,22,0
3.57512,0.111756,-1.29521,0,22,0
12.1901,0.0507071,-1.28935,0,22,0
3.29936,0.0309281,-1.28149,0,22,0
0.839277,-2.68332,-1.21478,0,22,0
0.18165,-2.54544,-0.896466,0,22,0
0.0864212,-3.94831,0.47786,0,22,0
0.149536,-3.27068,-0.530101,0,22,0
0.0964473,-2.32825,0.649698,0,22,0
0.0776956,-2.63146,-1.09128,0,22,0
1.0269,-0.897025,2.48711,0.93827,2212,1
0.190265,-1.36165,2.39246,0.13957,-211,1
0.213495,-1.58236,1.76392,0,22,0
0.0187425,-0.835554,-1.20177,0,22,0
0.224187,0.827385,2.09871,0,22,0
0.0268803,-0.215451,0.611166,0,22,0
0.240151,-0.670878,-2.66592,0,22,0
0.251479,-0.595711,-2.11489,0,22,0
3.68466,-0.920098,-0.824876,0,22,0
1.88189,-0.908641,-0.874845,0,22,0
4.76514,-0.804964,-0.66933,0,22,0
1.10114,-0.768303,-0.623195,0,22,0
5.37586,-0.911865,-0.485768,0,22,0
3.29103,-0.880086,-0.490219,0,22,0
0.0539086,-1.54862,-0.698082,0,22,0
2.5425,-1.2998,-0.964761,0,22,0
0.0407324,3.72622,-2.95991,0,22,0
0.509687,3.30248,-2.09978,0,22,0
0.280895,5.7508,-3.09174,0,22,0
0.014203,4.3976,-1.29984,0,22,0
0.167014,6.90492,-2.0957,0.93957,-2112,0
0.275759,3.864,-1.932,0,22,0
0.255221,4.14026,-2.362,0,22,0
0.959499,3.2606,2.81448,0,22,0
0.219008,3.08425,2.57829,0,22,0
0.163782,1.83223,2.44498,0,22,0
0.408513,1.93969,1.92862,0,22,0
0.42571,0.776993,-2.61494,0,22,0
0.225658,1.20894,-2.60223,0,22,0
0.216808,-0.231041,-1.55617,0,22,0
0.979203,-0.0587052,-1.79347,0,22,0
0.280411,0.155536,-1.86884,0,22,0
0.841393,-0.0179624,-1.65152,0,22,0
0.293347,-5.21281,0.0322772,0,22,0
0.279108,-5.67353,0.112833,0,22,0
0.0561998,-3.51583,-1.12853,0,22,0
0.294135,-4.31026,-0.454657,0,22,0
0.0189815,-0.954865,1.78843,0,22,0
0.36018,-2.4448,1.84088,0,22,0
0.35481,-0.175268,2.73291,0,22,0
0.18192,-0.610884,3.03319,0,22,0
0.0681122,-0.286364,1.2357,0,22,0
0.156028,0.806463,0.595177,0,22,0
2.28075,2.57446,2.33781,0,22,0
0.0563436,2.34896,2.64015,0,22,0
0.0224896,-5.02388,1.28117,0,22,0
0.206346,-4.88526,-1.55405,0,22,0
0.131314,-5.96039,1.70606,0,22,0
0.214714,-5.19198,1.54426,0,22,0
0.248368,-3.69737,-1.03379,0,22,0
0.0147122,-2.12801,0.52418,0,22,0
2.13904,-0.999876,1.70988,0.13957,211,1
12.1449,-1.03346,1.6608,0.13957,-211,1
1.83094,-1.10137,1.9583,0,22,0
2.20909,-1.08481,2.02335,0,22,0
0.182255,-1.17439,2.01987,0,22,0
1.20422,-0.889134,1.98689,0,22,0
48.6981,-0.81287,2.29453,0.13957,211,1
6.64701,-0.804286,2.28361,0.13957,-211,1
0.536932,-0.752869,2.51171,0,22,0
1.39282,-0.792788,2.66275,0,22,0
0.585209,-0.613835,2.994,0,22,0
0.0315214,0.0716075,-2.56707,0,22,0
0.342908,-1.5313,1.81287,0,22,0
0.444478,-1.48368,2.15701,0,22,0
0.395548,-0.93224,-0.83611,0,22,0
0.129837,-1.50821,-0.953411,0,22,0
0.0237569,-0.656732,-2.0902,0,22,0
0.33168,0.0618233,-0.632998,0,22,0
0.482364,1.4694,-1.87903,0,22,0
2.0427,1.53049,-1.75747,0,22,0
2.06389,1.82358,-2.41639,0,22,0
0.22964,1.65494,-2.31667,0,22,0
0.0371312,-1.82936,0.838293,0,22,0
0.810976,-1.31728,0.249251,0,22,0
0.787507,1.71121,-1.95316,0,22,0
0.145184,1.703,-2.35497,0,22,0
0.131807,6.53214,2.07099,0,22,0
0.0769175,5.43174,2.76217,0,22,0
0.367419,2.11031,1.80205,0.13957,211,1
0.0952915,1.83951,-2.32152,0.13957,-211,1
3.32509,-0.925671,2.42483,0.13957,211,1
1.9197,-0.804186,2.32211,0.13957,-211,1
20.9306,-0.192574,-1.44885,0.49368,-321,1
10.0922,-0.194765,-1.41147,0.13957,211,1
11.0446,-0.201293,-1.43364,0,22,0
49.5796,-0.195762,-1.41089,0,22,0
0.449927,0.323736,-1.06989,0.000511,11,1
0.520787,-0.319142,-1.21807,0,22,0
0.0781214,0.329348,-1.32922,0,22,0
0.639399,2.1372,-1.46555,0,22,0
0.0532346,1.90324,-2.17325,0,22,0
0.160083,0.662152,-1.82189,0,22,0
0.465852,0.185713,-1.93593,0,22,0
0.0116339,-2.39035,0.142694,0,22,0
0.332919,-1.25407,-2.11477,0,22,0
0.131169,-1.72569,2.62739,0,22,0
0.103612,-0.873598,-2.88196,0,22,0
0.103923,-1.29043,0.170978,0,22,0
0.0381139,-0.511694,-2.77575,0,22,0
0.20821,-1.46984,2.68769,0,22,0
0.0218927,-1.3615,-0.332546,0,22,0
0.256987,-2.40923,-1.52996,0,22,0
0.272924,-2.44323,-1.01578,0,22,0
0.245685,-1.95361,-0.454418,0,22,0
0.0881837,-1.5075,-1.27651,0,22,0
0.045729,-2.73708,-1.38382,0,22,0
0.0361691,-0.269676,-2.50958,0,22,0
0.136634,-1.43856,-0.892434,0,22,0
0.0326183,-0.473407,1.24997,0,22,0
0.18101,-0.607477,0.285827,0,22,0
0.0250406,-0.749316,-2.87752,0,22,0
0.252115,0.00744593,1.34632,0,22,0
0.173082,0.566963,1.03487,0,22,0
0.189223,-2.90434,-0.355888,0,22,0
0.555911,-2.94305,-0.773285,0,22,0
0.589022,-4.15868,1.15738,0,22,0
0.841014,-4.14574,0.96574,0,22,0
1.70166,-4.1543,1.3164,0.93957,-2112,0
0.0371316,-8.35811,-1.08502,0,22,0
0.112949,-7.77327,1.969,0,22,0
0.0867615,-7.77981,2.04818,0,22,0
0.0520778,-7.59553,-1.13455,0,22,0
0.278037,-7.03458,2.81932,0,22,0
0.0437135,-7.67125,-2.37115,0,22,0
3.13673,0.179253,-1.26713,0.49368,-321,1
0.310689,-0.727031,-0.906152,0,22,0
0.956843,-0.906495,-0.73567,0,22,0
3.61357,-0.94489,-0.545947,0.93827,2212,1
0.269183,-1.08543,-0.400858,0.13957,-211,1
0.308023,-1.14083,-1.52347,0,22,0
0.0672036,-0.747563,-0.644896,0,22,0
0.122188,-1.9884,-1.42054,0,22,0
1.10227,-1.93572,-1.0545,0,22,0
0.240658,-2.52634,-0.937945,0,22,0
0.439637,-2.91154,-1.08635,0,22,0
0.0264604,-2.84256,-1.89739,0,22,0
1.31085,-2.81311,-1.15639,0,22,0
1.04468,-2.73515,-0.949895,0,22,0
0.820624,-2.70027,-1.09156,0,22,0
0.29437,-2.36382,-0.814157,0,22,0
0.783774,-2.1263,-0.963588,0,22,0
11.7843,-2.45646,-1.0932,0.93827,-2212,1
1.37682,-2.41256,-1.04289,0.13957,211,1
0.126019,5.32008,-0.860711,0,22,0
0.250055,5.94605,-1.28018,0,22,0
0.138537,4.94667,-1.8438,0.13957,-211,1
0.215568,5.73043,-2.64961,0,22,0
0.0279531,4.16988,-2.42086,0,22,0
0.175147,4.17553,-2.42512,0,22,0
0.186677,3.87972,-3.12418,0,22,0
0.0602325,3.99633,-2.35918,0,22,0
0.198873,4.05188,2.69133,0.000511,11,1
0.0265685,4.04045,2.6827,0.000511,-11,1
0.0429058,3.74554,-1.02922,0,22,0
0.092071,4.68897,1.51536,0,22,0
0.0218241,5.66074,-1.82712,0,22,0
0.0491534,2.89031,0.242135,0,22,0
0.0843419,3.62183,0.653107,0,22,0
0.0106779,6.664,-0.523746,0,22,0
1.13899,5.6122,0.498544,0,22,0
2.57075,5.68564,0.527306,0,22,0
0.42269,5.78759,0.528601,0,22,0
0.336944,5.53708,0.273268,0,22,0
1.74769,5.71986,0.517797,0,22,0
0.477354,5.57466,0.491004,0,22,0
1.03101,0.229804,-2.04163,0,22,0
0.443735,0.349361,-1.88173,0,22,0
0.0235301,2.50698,2.06634,0,22,0
0.130637,0.793981,-2.54522,0,22,0
0.0149529,2.33446,-2.56275,0,22,0
0.180729,0.365368,2.43436,0,22,0
0.107319,1.16034,-1.03986,0,22,0
0.0485741,0.0642177,-2.69495,0,22,0
0.119717,0.0881628,2.30259,0,22,0
0.0264903,2.06355,1.66162,0,22,0
0.900791,-2.45022,1.41641,0,22,0
0.0600748,-1.89638,1.26784,0,22,0
0.105814,-2.24082,2.10136,0,22,0
0.0290754,-0.921763,-1.33324,0,22,0
0.133671,-1.32703,2.52119,0,22,0
0.29241,-1.50438,1.84939,0,22,0
0.0463318,-2.6684,-2.8553,0,22,0
0.081703,-0.804828,2.96418,0,22,0
0.369359,-1.66856,2.44662,0.13957,211,1
1.97199,-2.04399,1.87676,0.13957,-211,1
15.5777,-0.996478,1.74551,0.13957,211,1
17.0626,-1.11219,1.7253,0.000511,11,1
0.0699085,-1.36261,2.13723,0,22,0
0.582812,-0.705769,2.13516,0,22,0
0.0357658,3.60736,0.70219,0,22,0
0.0940775,2.0983,-1.21088,0,22,0
0.153138,1.30017,-1.94436,0,22,0
0.337645,1.76597,-2.30892,0,22,0
0.964789,1.9967,-2.93174,0,22,0
2.68132,2.06704,-2.88597,0,22,0
0.0195609,3.29385,0.790486,0,22,0
0.0889349,0.793085,0.340194,0,22,0
0.184176,5.31605,1.92503,0,22,0
0.0848378,4.9186,2.97569,0,22,0
0.034935,5.3741,-3.13694,0,22,0
0.181848,5.96446,-1.30873,0,22,0
0.0865955,5.36894,-2.94507,0,22,0
0.0855522,5.93226,-1.30747,0,22,0
3.54966,-1.12047,1.68953,0,22,0
0.404128,-1.2075,1.76111,0,22,0
0.128743,-1.54436,1.60155,0,22,0
1.10558,-1.1922,1.54954,0,22,0
0.166996,-2.24073,-0.407213,0,22,0
0.0143122,-0.0392248,0.295417,0,22,0
0.958014,-2.02554,0.387956,0,22,0
0.254605,-2.04,0.114177,0,22,0
0.051077,1.42558,-0.727088,0,22,0
0.0788256,2.267,2.89392,0,22,0
0.350469,1.92311,-2.34081,0,22,0
0.62067,1.71565,-2.13905,0,22,0
0.210648,-4.0619,1.2858,0,22,0
0.205438,-4.21007,1.92848,0,22,0
2.23979,-0.091778,-1.46266,0.13957,211,1
0.844165,5.76836,-1.76561,0.93957,2112,0
2.07394,0.213507,-1.9589,0.49761,130,0
4.0847,0.0631593,-2.02774,0.13957,211,1
8.16327,-1.00247,1.70351,0.13957,-211,1
1.36804,-0.351934,-1.25266,0.13957,211,1
3.60753,-0.234655,-1.12252,0.13957,-211,1
0.821456,0.155575,-1.15237,0.13957,211,1
3.8528,-0.0148137,-1.43914,0.13957,-211,1
0.271469,5.18888,-2.13835,0,22,0
0.0160611,4.76273,1.07851,0,22,0
0.230306,0.307993,-2.1745,0,22,0
1.38044,0.0691821,-2.17695,0,22,0
13.5936,-1.0255,1.69651,0.10566,-13,1
15.5522,-1.08027,1.68874,0.49761,130,0
27.2374,-0.981388,1.7248,0.49761,130,0
23.2175,-1.00105,1.69917,0,22,0
58.0115,-1.00456,1.70025,0,22,0
19.2168,-1.05206,1.63963,0.49761,130,0
163.013.

