1.9561,-0.0324539,-0.343786,0.49368,321,1
0.510422,0.0830147,2.13264,0.13957,211,1
0.256137,-0.323415,0.408686,0.13957,-211,1
0.167611,0.190294,-1.00532,0.13957,211,1
1.65941,-1.0825,-1.64645,0.13957,211,1
2.48624,-0.59802,0.948414,0.13957,211,1
0.359091,-0.186061,0.733341,0.13957,-211,1
0.384693,-0.802783,1.33063,0.13957,211,1
7.52232,-0.148121,1.30044,0.93827,-2212,1
1.06088,0.00589805,0.752819,0.13957,-211,1
1.86568,-0.649279,0.410045,0.13957,211,1
17.5039,-0.461159,0.558103,0.93957,2112,0
0.914622,-0.74566,0.754948,0.13957,-211,1
33.9734,-0.449687,-2.30037,0.13957,-211,1
19.8946,-0.683455,-2.34205,0.13957,211,1
0.41659,-0.139067,-2.2008,0.13957,-211,1
9.5364,-0.731503,-2.31163,0.13957,211,1
0.485912,5.51561,1.18441,0.13957,-211,1
0.335693,5.62697,0.189755,0.49368,321,1
0.344842,2.43023,0.600141,0.13957,-211,1
195.023,-0.64124,0.500143,0.13957,211,1
11.2293,-0.678109,0.52245,0.13957,-211,1
3.72244,-0.442073,0.364665,0.13957,211,1
1.18953,-0.354408,-0.444216,0.93957,2112,0
2.90668,-0.0299197,-0.999,0.93827,-2212,1
1.70797,-0.289575,-0.860119,0.13957,-211,1
0.500239,-0.0019551,-1.24814,0.49368,-321,1
2.27653,1.73153,-2.88976,0.13957,-211,1
3.87074,1.90682,-3.07852,0.13957,211,1
3.06029,1.69662,-3.04999,0.13957,-211,1
10.5562,1.76516,-2.90292,0.13957,211,1
0.508943,2.78353,-1.41163,0.13957,211,1
0.543484,1.89966,-2.04632,0.13957,-211,1
0.878552,2.38981,-2.54571,0.13957,211,1
2.34128,1.91727,-1.49693,0.93957,2112,0
11.302,2.3259,-1.24385,0.93827,-2212,1
0.329753,1.94716,-1.44738,0.13957,211,1
0.308003,-5.4608,-3.04558,0.13957,211,1
2.40748,-2.20978,-2.55638,0.13957,211,1
0.138809,-2.3504,-1.16878,0.13957,-211,1
0.297325,-2.71914,1.00151,0.13957,211,1
0.702641,-2.70197,1.10648,0.13957,211,1
1.24231,-2.83387,-1.52447,0.93957,2112,0
0.413101,-2.93936,0.590037,0.93957,-2112,0
2.31848,-2.4381,0.967584,0.93957,2112,0
0.819436,-2.47458,-0.0305226,0.93827,-2212,1
0.713535,-2.40057,-0.0878131,0.13957,211,1
3.77254,0.57303,-0.647111,0.13957,-211,1
1.31772,0.626236,1.75645,0.49368,-321,1
1.75109,0.837597,1.90209,0.93827,2212,1
3.70902,0.618006,1.7794,0.93827,-2212,1
4.06061,0.722876,1.54362,0.93827,2212,1
17.3782,0.42484,1.68261,0.93827,-2212,1
2.68422,0.381349,1.4453,0.13957,211,1
28.2106,0.440049,1.59249,0.49368,-321,1
39.6413,0.429346,1.57023,0.93827,-2212,1
13.5858,0.4615,1.55857,0.13957,211,1
3.0136,0.372238,1.57734,0.13957,-211,1
8.93829,0.42721,1.5913,0.93827,2212,1
8.18784,0.41504,1.58168,0.93827,-2212,1
2.38812,0.400311,1.50859,0.13957,211,1
4.43185,0.257453,1.48775,0.13957,211,1
1.97217,0.272064,1.35016,0.93957,2112,0
2.90488,-0.106784,1.66922,0.93827,-2212,1
1.75968,-0.461969,1.12804,0.13957,211,1
2.36013,-0.862931,0.898516,0.13957,-211,1
2.35306,-0.533794,1.03084,0.13957,211,1
10.1194,-0.528217,1.18282,0.93957,2112,0
3.84717,-0.657937,1.13181,0.93957,-2112,0
9.49642,-0.590645,0.591711,0.93957,2112,0
7.50389,-0.657816,0.710714,0.93827,-2212,1
1.1303,-0.550453,1.02137,0.13957,-211,1
17.7983,-0.547927,0.852418,0.13957,-211,1
15.3128,-0.500386,0.864795,0.13957,211,1
9.86343,-0.538582,0.851182,0.13957,-211,1
19.5168,-0.458097,0.882899,0.49368,-321,1
30.6816,-0.467317,0.876157,0.13957,211,1
6.82317,-0.371051,0.842624,0.13957,-211,1
4.95907,-0.619205,-2.1562,0.13957,211,1
1.42484,-0.405401,-1.86745,0.13957,211,1
0.548733,-0.432534,-0.980825,0.13957,-211,1
0.644312,-0.0581562,-1.12282,0.13957,211,1
4.10252,-0.347228,-1.3637,0.93827,-2212,1
4.11859,0.107674,-1.508,0.93957,2112,0
10.8657,0.27483,-1.25595,0.49368,-321,1
4.8734,1.43578,3.05337,0.13957,211,1
0.257259,-4.94959,-0.261237,0.13957,211,1
0.234176,-2.27812,2.05976,0.13957,-211,1
0.196897,1.19274,-2.86223,0.13957,211,1
0.395249,6.9042,1.699,0.13957,211,1
0.478049,7.72361,-2.47059,0.49368,321,1
1.21509,0.0923252,-2.34599,0.49368,321,1
1.06479,-1.80793,-1.40414,0.13957,-211,1
0.63952,-2.41699,-2.98151,0.13957,211,1
0.440501,-1.0085,-2.01908,0.13957,-211,1
0.149139,-3.99748,2.34019,0.13957,211,1
1.4627,-3.11566,-2.186,0.93957,2112,0
0.345045,-4.41663,-2.48781,0.13957,211,1
0.592876,-1.11294,1.83992,0.13957,211,1
0.540798,6.7072,-1.91585,0.93827,2212,1
0.53742,6.73031,1.01741,0.93957,-2112,0
0.361536,6.38273,1.59107,0.13957,-211,1
2.64918,0.524659,-0.579274,0.49368,321,1
3.06511,0.396018,-0.508058,0.13957,-211,1
1.02295,0.379387,-0.869823,0.13957,211,1
0.369367,5.71135,2.99339,0.13957,211,1
0.128892,5.48904,-0.188139,0.13957,-211,1
0.708509,5.93707,2.5269,0.49368,321,1
1.03434,-0.79554,2.5711,0.49368,321,1
0.218021,-4.8927,-1.40507,0.13957,211,1
0.228707,-6.66043,1.83201,0.49368,-321,1
0.096182,-6.12211,0.682515,0.13957,211,1
0.340645,-1.31461,3.11529,0.13957,211,1
3.71938,-0.823341,-2.63972,0.13957,-211,1
0.896125,-0.0382506,-0.302407,0.49761,130,0
0.33014,-0.26123,-1.15039,0.13957,-211,1
1.51132,-0.778767,3.11065,0.13957,-211,1
1.97806,-1.47033,-1.93264,0.93957,2112,0
0.9634,-0.771542,-1.91811,0.13957,-211,1
0.919217,-0.0454439,-1.59934,0.93957,-2112,0
4.72901,-0.216709,1.26677,0.93957,2112,0
0.753854,0.0606279,1.09948,0.13957,211,1
3.50597,-0.299316,1.04722,0.13957,211,1
0.665356,-0.496285,0.617707,0.13957,-211,1
1.64552,-0.476136,0.94866,0.49368,321,1
4.11327,-0.402584,0.688557,0.13957,-211,1
8.13669,-0.62144,0.508853,0.93957,-2112,0
22.1304,-0.421056,-2.32009,0.13957,211,1
3.96218,-0.477656,-2.28286,0.13957,-211,1
0.427516,4.93215,1.47606,0.49761,130,0
0.561767,3.8531,0.390729,0.13957,-211,1
0.213503,1.30715,-2.79793,0.13957,211,1
0.121709,0.055952,0.0104413,0.13957,211,1
0.536294,-1.65291,2.04707,0.13957,-211,1
0.16253,0.426471,0.438496,0.13957,211,1
0.714105,-0.543782,-2.11701,0.49368,321,1
4.49621,1.67647,-3.08277,0.49761,130,0
0.473023,1.5545,-2.93364,0.13957,211,1
4.13511,1.99226,-2.87521,0.13957,-211,1
0.0321865,3.15693,-1.68007,0.13957,-211,1
0.680519,1.94425,3.13689,0.13957,211,1
1.44679,2.3038,-2.56719,0.13957,-211,1
2.08962,2.21192,-1.42826,0.13957,211,1
4.81689,2.13759,-1.24981,0.13957,-211,1
0.344607,-6.70118,0.441529,0.13957,211,1
0.451924,-7.03516,-1.8826,0.13957,-211,1
0.207775,-3.79215,0.574368,0.13957,-211,1
1.353,-2.19362,-2.36813,0.13957,-211,1
1.34554,-1.14075,3.00683,0.49761,130,0
5.63496,0.482187,-0.661331,0.93827,2212,1
0.962001,0.684524,-0.511496,0.93957,-2112,0
0.988524,0.281863,-0.232565,0.49368,321,1
0.369896,1.25696,-0.00719598,0.13957,-211,1
2.77555,0.796284,1.73541,0.13957,211,1
0.317757,0.275026,1.71462,0.13957,-211,1
64.219,0.4249,1.60623,0.49761,130,0
33.6105,0.408121,1.5924,0.13957,211,1
56.1193,0.416127,1.60257,0.93957,2112,0
7.64943,0.426428,1.62207,0.13957,211,1
7.49271,0.419162,1.52212,0.13957,-211,1
2.50878,0.476508,1.64043,0.13957,-211,1
3.61977,0.336593,1.5702,0.13957,211,1
11.2321,0.446825,1.49713,0.13957,-211,1
3.34897,-0.808601,0.658927,0.49368,-321,1
2.79963,-0.648523,0.635836,0.13957,211,1
0.120728,-1.4162,1.03424,0.13957,211,1
6.99535,-0.488814,0.915238,0.13957,211,1
11.0077,-0.533504,0.829254,0.13957,211,1
17.2674,-0.652704,-2.25033,0.13957,211,1
21.571,-0.641789,-2.19057,0.13957,-211,1
3.92959,-0.562272,-2.29039,0.13957,-211,1
0.420952,-0.590152,-1.30862,0.13957,-211,1
0.320893,0.184758,-1.25224,0.13957,211,1
1.61066,-0.364873,-1.18549,0.13957,211,1
1.65871,-0.54646,-1.61312,0.13957,-211,1
1.98902,-0.640894,-1.63817,0.49761,130,0
0.576436,-0.438372,-0.886898,0.13957,211,1
6.54996,0.256897,-1.51773,0.93827,-2212,1
1.2065,0.224472,-1.33005,0.13957,211,1
5.88547,0.201633,-1.21422,0.49368,321,1
10.7237,0.222286,-1.24139,0.13957,-211,1
3.93969,0.188331,-1.1958,0.13957,211,1
5.86254,0.283255,-1.21245,0.93957,2112,0
2.4061,0.432972,-1.16047,0.13957,-211,1
1.18377,0.53466,-1.61852,0.13957,211,1
0.981077,1.02732,-2.83327,0.13957,-211,1
2.97924,1.63639,-3.1076,0.49368,321,1
1.00578,1.66243,-2.79272,0.13957,-211,1
0.616402,-3.66291,-0.0447985,0.49368,321,1
0.326432,-3.75334,1.46044,0.13957,-211,1
0.37374,-0.965693,3.07538,0.49368,321,1
0.209474,0.0891034,-0.504783,0.13957,-211,1
0.333989,6.31284,2.05059,0.13957,-211,1
0.198663,7.3428,1.9962,0.13957,-211,1
0.432072,-0.48122,-0.995165,0.49761,130,0
1.28696,-1.97914,-2.19345,0.49368,-321,1
1.25932,-1.53433,-2.16305,0.13957,211,1
0.989071,-3.18209,-1.25437,0.93827,-2212,1
0.477527,-3.40899,-2.7955,0.13957,-211,1
0.432421,-2.38399,2.378,0.13957,211,1
0.653017,-2.09086,-1.10616,0.13957,-211,1
0.615952,1.85585,-0.754533,0.13957,-211,1
0.34741,6.9045,2.02367,0.13957,211,1
0.980972,6.09017,-1.51371,0.49368,321,1
0.329158,4.86332,-1.05366,0.13957,-211,1
0.922619,0.925258,0.0321197,0.13957,211,1
2.50244,0.548955,-0.36645,0.13957,-211,1
6.24338,0.242279,-0.615883,0.13957,-211,1
0.552478,3.98339,-0.305172,0.49368,-321,1
0.0524414,4.00683,-2.79195,0.13957,211,1
0.841665,0.206283,-1.10829,0.13957,-211,1
0.550262,-2.20443,-2.24719,0.13957,-211,1
0.514075,-4.30566,1.3784,0.13957,211,1
0.292984,-4.25826,-0.91496,0.13957,-211,1
0.51274,-5.59052,-2.46621,0.49761,130,0
0.633398,-7.36751,-1.88009,0.13957,-211,1
0.169616,-9.68819,1.97794,0.93957,2112,0
0.239567,-6.67562,-0.0107581,0.13957,211,1
3.83922,1.41602,-2.98945,0.49761,130,0
0.349677,0.187284,-0.607367,0.49761,130,0
0.74175,-2.9283,-2.88574,0.49761,130,0
0.0567882,-3.8233,1.22194,0.49761,130,0
4.91038,0.382959,-0.539524,0.49761,130,0
0.932565,-0.735694,0.508965,0,22,0
32.2549,-0.665925,0.512526,0.93957,-2112,0
27.4144,-0.679172,0.484858,0,22,0
2.16832,-0.693226,0.474418,0,22,0
1.13029,-0.581646,-2.68453,0.93827,-2212,1
0.550234,-0.480309,-2.5493,0.13957,211,1
0.616203,-1.03167,-2.93521,0.13957,-211,1
0.601193,-0.394646,-2.78622,0,22,0
0.298065,-0.579093,-2.73621,0.000511,11,1
0.525421,-0.580153,-2.73735,0.000511,-11,1
2.42813,-0.688495,-2.76022,0.13957,-211,1
11.2494,-0.75227,-2.75885,0.13957,-211,1
8.31187,-0.739348,-2.74805,0.13957,211,1
3.45297,-0.744637,-2.6647,0.13957,211,1
0.0962665,-0.183094,-1.41994,0,22,0
0.192194,-0.977408,-1.99339,0,22,0
0.415926,-1.23959,3.12034,0,22,0
0.76387,-0.606318,-2.41767,0,22,0
1.10897,-0.913771,-2.54224,0,22,0
0.500637,-0.872936,-2.71896,0,22,0
0.115066,0.968755,-0.57055,0,22,0
0.132236,1.88679,-1.11939,0,22,0
56.1447,-0.44262,-2.31892,0.13957,211,1
11.9483,-0.688071,-2.28195,0.000511,-11,1
0.104545,6.91203,1.76752,0.13957,211,1
0.0340413,5.75317,2.26041,0.13957,-211,1
0.0154671,3.55835,2.59673,0,22,0
0.0204767,-0.527611,2.70219,0,22,0
0.288833,3.835,0.903827,0,22,0
0.270796,-0.394346,-3.08489,0.13957,211,1
0.108569,1.42871,1.96848,0.13957,-211,1
0.105161,-2.40408,-0.325994,0,22,0
0.385008,-2.17399,-0.966847,0,22,0
0.556093,-0.787428,0.417186,0,22,0
3.05886,-0.68449,0.427463,0,22,0
0.24403,-0.736177,-0.774087,0.13957,211,1
0.321261,0.0457404,-0.812896,0.13957,-211,1
0.00671263,1.4138,-1.69562,0,22,0
0.529281,-0.208991,-0.193089,0,22,0
0.281029,-0.267692,-0.376334,0.13957,211,1
0.513937,-0.417187,-0.93164,0.13957,-211,1
0.0625204,-0.549696,1.50317,0,22,0
1.39121,1.47354,-3.01352,0,22,0
0.876702,1.60888,-2.89354,0.13957,211,1
0.567245,1.59147,-3.00333,0.13957,-211,1
2.39104,1.59078,-3.00102,0.13957,211,1
3.06782,1.4719,-2.97207,0.13957,-211,1
0.513018,1.59043,-3.13018,0.13957,211,1
5.31512,1.83665,-2.92959,0.13957,211,1
1.84185,1.74584,-3.01134,0.13957,-211,1
2.15843,1.62341,-2.57817,0,22,0
0.0273678,1.9196,-2.10465,0,22,0
0.642081,2.07053,-1.94306,0.13957,211,1
0.166134,2.73127,-1.84358,0.13957,-211,1
0.0677942,-7.47433,-0.518118,0.13957,211,1
0.100729,-5.9622,0.494139,0.13957,-211,1
0.0903019,-3.14366,-0.387308,0,22,0
0.620604,-2.92967,-0.921991,0,22,0
2.22191,-1.7209,1.47667,0,22,0
0.231281,-1.90286,1.4292,0,22,0
0.547164,-0.718034,2.68173,0,22,0
3.35263,-1.27396,3.11277,0,22,0
2.59822,0.363377,1.55655,0,22,0
2.44421,0.415166,1.57019,0,22,0
0.205779,0.494411,1.67527,0,22,0
3.2947,0.346286,1.60531,0,22,0
12.1337,0.407529,1.52188,0,22,0
0.29144,0.774393,1.42867,0,22,0
0.151583,0.483903,0.848338,0,22,0
0.674027,0.366645,1.32424,0,22,0
2.68979,0.241687,1.71389,0,22,0
1.05612,0.470543,1.56244,0.13957,211,1
3.67682,0.320675,1.61324,0.13957,-211,1
0.111768,0.64266,1.92067,0,22,0
0.994747,0.557869,1.52221,0,22,0
0.261377,0.59511,1.80396,0.13957,211,1
0.772691,0.308155,1.38384,0.13957,-211,1
0.770922,0.216903,0.515328,0,22,0
0.206907,-0.0807493,0.673512,0,22,0
3.11208,-0.372608,1.07608,0,22,0
2.72453,-0.187804,1.10997,0,22,0
0.939069,-0.629366,1.05476,0,22,0
0.05969,-0.509255,1.61955,0,22,0
4.9769,-0.546003,1.08823,0.13957,211,1
2.14019,-0.444412,1.02207,0.13957,-211,1
0.547935,-0.912475,0.862737,0,22,0
3.97672,-0.62067,1.09124,0,22,0
5.02853,-0.546213,0.85353,0.13957,211,1
2.47175,-0.514063,0.836653,0.13957,-211,1
7.31817,-0.521461,0.848032,0,22,0
5.11523,-0.499445,0.849437,0,22,0
28.8334,-0.503426,0.87411,0.13957,211,1
28.933,-0.500454,0.861478,0.13957,-211,1
7.53399,-0.491332,0.887762,0,22,0
52.5563,-0.505324,0.86405,0,22,0
32.7523,-0.661188,-2.23127,0.13957,-211,1
31.2421,-0.644015,-2.19713,0.13957,211,1
11.3099,-0.646303,-2.21196,0.13957,-211,1
10.8744,-0.674268,-2.21284,0,22,0
13.6331,-0.684842,-2.20951,0,22,0
0.342268,-0.565377,-1.54272,0,22,0
0.0707571,-1.26523,-2.03997,0,22,0
0.654295,-0.771937,-1.85887,0,22,0
0.364458,-0.931652,-1.63291,0,22,0
2.93372,-0.457874,-1.49026,0.93827,2212,1
0.444115,-0.209907,-1.5296,0.13957,-211,1
1.3011,0.161665,-1.36479,0.13957,211,1
1.22551,0.267259,-1.40883,0.13957,-211,1
0.374589,0.204358,-1.17412,0,22,0
1.26824,0.0715591,-1.31809,0,22,0
7.46454,0.268803,-1.4052,0.13957,211,1
10.9648,0.264128,-1.43483,0.13957,-211,1
7.77235,1.39278,-2.99649,0.49368,321,1
2.56041,1.51801,3.00431,0.13957,-211,1
1.71696,1.49774,3.03416,0.13957,-211,1
0.23677,3.28243,-0.401302,0.13957,211,1
0.153259,2.48588,-2.88811,0.13957,-211,1
0.306801,3.7592,0.63972,0,22,0
0.105872,3.9718,-0.0946931,0,22,0
0.258208,5.8925,-1.02646,0,22,0
0.335537,6.33991,-0.94422,0,22,0
0.203408,6.79753,3.13622,0.13957,211,1
0.541249,7.08734,2.34429,0.13957,-211,1
0.3338,-1.66505,-2.22332,0,22,0
0.527753,-2.7541,-1.58335,0,22,0
0.20248,-2.58985,-0.649245,0.13957,211,1
0.231213,-3.24903,-3.08008,0.13957,-211,1
0.0577708,-1.86557,2.1899,0,22,0
0.0623733,-3.06671,-0.178602,0,22,0
0.037471,-1.29724,0.785996,0,22,0
1.0997,-3.03197,-3.12266,0,22,0
0.339264,-2.36093,0.322664,0.13957,211,1
0.589866,-2.81494,-0.582297,0.13957,-211,1
0.0615649,2.15075,2.84453,0.13957,211,1
0.412979,1.47156,-2.18732,0.13957,-211,1
0.0864365,2.39399,1.20942,0,22,0
0.0935854,1.28997,0.218258,0,22,0
0.519485,2.85193,-3.06313,0,22,0
0.285982,3.66083,-1.8342,0,22,0
0.383003,5.09524,0.262427,0.13957,211,1
0.0865233,5.58649,3.06988,0.13957,-211,1
0.0109541,5.6966,1.35978,0,22,0
0.070086,8.77857,-1.44049,0,22,0
0.041489,5.5985,3.04515,0,22,0
0.117268,4.7685,-1.13473,0,22,0
0.0600561,5.55122,1.68311,0.13957,-211,1
0.229586,4.87176,-2.51633,0.13957,211,1
0.066428,5.00267,0.734754,0.13957,-211,1
0.331849,1.67864,-0.173765,0.13957,211,1
0.148227,0.34836,-0.424299,0.13957,-211,1
1.34491,0.261724,-0.611632,0,22,0
17.8918,0.351522,-0.574368,0.93957,-2112,0
0.991825,0.393713,-0.497334,0.13957,211,1
3.75315,0.346927,-0.554931,0,22,0
6.97135,0.260796,-0.618566,0,22,0
0.995403,0.325255,-0.47931,0.13957,211,1
8.7139,0.260129,-0.560046,0.13957,-211,1
3.54034,0.25756,-0.742271,0,22,0
2.62001,0.214946,-0.730103,0,22,0
3.45243,0.449397,-0.775608,0.13957,211,1
3.12231,0.479105,-0.735602,0.13957,-211,1
0.0871133,3.27089,-1.65213,0,22,0
0.422992,2.61711,-1.87974,0,22,0
0.25364,1.36675,0.4786,0.13957,211,1
0.264719,1.1411,1.2775,0.13957,-211,1
0.157405,1.05661,2.56626,0,22,0
0.406115,0.716673,2.15303,0,22,0
0.0723966,2.15532,-2.93921,0,22,0
0.0161751,-0.535253,1.3884,0,22,0
0.332076,-0.858756,-2.45637,0,22,0
0.466176,-1.04581,-2.74478,0,22,0
0.349169,-0.228835,-1.2268,0,22,0
0.262928,-0.0490946,-0.816418,0,22,0
2.00458,-0.218176,0.985856,0,22,0
0.0582758,0.130141,0.802821,0,22,0
1.85538,-0.383676,0.449276,0,22,0
0.162224,-0.490632,0.671277,0,22,0
0.0653649,5.4935,-1.71851,0,22,0
0.163871,5.11601,-3.06583,0,22,0
0.0184817,2.53375,-1.32829,0,22,0
0.445457,1.66396,-0.0582079,0,22,0
1.24722,0.452629,-1.02829,0,22,0
0.122224,0.112646,-1.08134,0,22,0
0.147427,-0.760162,-0.137231,0,22,0
0.0300405,-1.68834,2.07004,0,22,0
0.098233,1.02909,-3.12078,0,22,0
0.178468,2.00575,3.07798,0,22,0
0.461384,1.90713,-2.46711,0,22,0
2.46827,1.94533,-2.58776,0,22,0
0.141397,-3.90317,-1.66953,0,22,0
0.517912,-4.20893,-2.06526,0,22,0
1.40496,-2.34026,-2.14216,0,22,0
1.73043,-2.42383,-2.16465,0,22,0
0.321456,0.407183,-0.55959,0,22,0
0.581861,0.596558,-0.311083,0,22,0
0.482659,0.548959,-0.84037,0,22,0
0.163104,0.264648,-0.450532,0,22,0
3.72584,0.446649,1.55272,0,22,0
0.826988,0.495494,1.61212,0,22,0
17.4362,0.433317,1.57482,0,22,0
8.6497,0.444308,1.57483,0,22,0
5.95262,0.446539,1.49432,0,22,0
0.814119,0.431345,1.55373,0,22,0
1.13433,0.457625,1.55816,0,22,0
10.9797,0.443261,1.52271,0,22,0
0.200229,-0.0326313,1.56909,0,22,0
0.572526,0.362614,1.54318,0,22,0
0.850962,-0.69829,0.719024,0.13957,211,1
0.284774,-0.0392248,1.03995,0.13957,-211,1
0.2897,-0.568001,0.812146,0,22,0
3.39732,-0.487091,0.70272,0,22,0
1.60684,-0.536046,0.835051,0,22,0
12.6709,-0.507508,0.844016,0,22,0
0.752432,-0.524188,0.897554,0,22,0
35.1417,-0.521282,0.871465,0,22,0
9.80178,-0.473034,0.82891,0.13957,211,1
17.5572,-0.454845,0.853746,0.13957,-211,1
0.694467,-0.811568,-2.23735,0,22,0
1.36565,-0.871642,-2.36234,0,22,0
0.154576,-0.174023,-2.96456,0,22,0
0.448909,-0.0687055,-2.45768,0,22,0
2.27769,-0.537305,-1.54288,0,22,0
1.30535,-0.518691,-1.46682,0,22,0
0.318277,-0.199134,-1.43247,0,22,0
0.361888,-0.0901216,-1.41835,0.000511,11,1
5.12125,-0.0985084,-1.42461,0.000511,-11,1
3.57949,0.23396,-1.44492,0,22,0
0.747439,0.203842,-1.36807,0,22,0
4.12711,0.231415,-1.31494,0.13957,211,1
6.62806,0.264053,-1.38545,0.13957,-211,1
0.0709754,0.576924,-1.73732,0,22,0
1.46932,0.373816,-1.37014,0,22,0
1.92712,0.365201,-1.53089,0.93827,-2212,1
0.260333,-0.0107165,-1.66129,0.13957,211,1
0.32842,0.42509,-1.4974,0.13957,211,1
0.118419,0.491727,1.60554,0.13957,-211,1
0.21745,0.756776,1.7941,0,22,0
0.0427902,0.793667,0.244932,0,22,0
0.239059,1.18801,-2.99239,0,22,0
0.926151,1.29947,3.02572,0,22,0
0.104716,-4.45191,-3.11788,0,22,0
0.0817922,-3.40993,-2.1059,0,22,0
0.191816,0.479466,2.38205,0,22,0
0.0666642,1.54675,2.80154,0,22,0
0.117703,3.25361,2.15987,0,22,0
0.0455208,4.90161,2.26705,0,22,0
0.50811,8.30047,-2.74524,0.93827,2212,1
0.135006,7.36103,-2.85201,0.13957,-211,1
0.333985,-0.815972,-2.51491,0,22,0
0.22491,-0.854407,-2.01885,0,22,0
0.27541,2.06867,1.67762,0,22,0
0.139151,2.42057,2.27848,0,22,0
0.921,6.42704,-1.46732,0,22,0
0.0946242,6.2803,-1.03086,0,22,0
0.622363,2.17252,-0.822504,0.93957,-2112,0
0.20545,1.72296,-0.21494,0,22,0
0.149368,1.91914,0.548519,0,22,0
0.826844,0.765907,-1.21564,0,22,0
0.482081,0.57232,-1.30575,0,22,0
0.164004,0.553877,-0.547173,0,22,0
0.503881,0.32751,-0.961237,0,22,0
0.386086,0.202401,-0.453036,0,22,0
1.78869,0.326397,-0.348163,0,22,0
8.14353,0.360553,-0.520409,0,22,0
8.23402,0.346353,-0.528781,0,22,0
0.0202101,3.1012,-1.80956,0,22,0
0.205602,2.40423,0.982369,0,22,0
0.103198,6.10974,2.53511,0,22,0
0.0887534,5.64154,-2.29456,0,22,0
0.0566951,0.4015,2.52974,0,22,0
0.160626,-0.477297,-2.60653,0,22,0
0.264827,0.518118,0.368507,0.13957,211,1
0.388217,-0.552135,-0.245163,0.13957,-211,1
0.101048,-4.24968,1.06448,0,22,0
0.122084,-4.75917,-0.101155,0,22,0
0.210991,-8.53434,1.76765,0,22,0
0.192506,-7.87726,1.73527,0,22,0
0.154851,-8.10804,0.225329,0,22,0
0.0478989,-6.80049,-0.488904,0,22,0
0.299311,-7.18306,-2.24593,0,22,0
0.206438,-7.58695,-2.60777,0,22,0
6.59913,-0.400021,0.599921,0.13957,211,1
7.05738,-0.459475,0.610143,0.13957,-211,1
2.87904,0.259046,-1.4418,0.13957,211,1
20.5576,0.283954,-1.46404,0.13957,-211,1
0.450107,-3.33575,-0.794347,0.13957,211,1
0.0517139,-3.14785,-1.21792,0.13957,-211,1
9.11801,-0.694018,0.589109,0.93827,2212,1
2.29614,-0.685093,0.542684,0.13957,-211,1
2.5192,-0.679992,0.522951,0,22,0
1.11742,-0.626065,0.556251,0.000511,11,1
0.698762,-0.6251,0.553032,0.000511,-11,1
1.20407,-1.58484,0.883755,0.93957,2112,0
0.0613983,-1.60453,0.681081,0,22,0
0.256582,-1.02444,1.61491,0,22,0
0.0739632,-1.21373,-2.27895,0,22,0
0.532363,-0.63189,-2.619,0,22,0
1.22618,-0.585222,-2.74147,0,22,0
0.298072,-0.579582,-2.96514,0,22,0
1.11335,-0.72486,-2.80157,0,22,0
0.236848,-0.955031,-2.92768,0,22,0
0.00927032,-0.620761,0.163489,0,22,0
0.487407,-0.81843,-3.06121,0,22,0
0.136306,-0.295904,3.07468,0,22,0
0.552572,-0.658091,-2.8764,0,22,0
42.5584,-0.448714,-2.30508,0.49761,130,0
14.3763,-0.447183,-2.29902,0,22,0
78.6374,-0.449086,-2.30256,0,22,0
1.42292,-0.806099,-2.38987,0,22,0
0.0614265,5.24319,-2.51595,0,22,0
0.120462,3.9458,3.02264,0,22,0
0.18001,1.35855,-1.65129,0,22,0
0.0632648,1.12753,-2.99322,0,22,0
0.245383,-0.807108,2.72218,0,22,0
0.100787,-0.0405882,2.37429,0,22,0
5.20436,1.36641,3.09158,0.13957,211,1
2.48235,1.4059,-3.02521,0.13957,211,1
1.27895,1.56939,-2.90398,0,22,0
1.2773,1.53178,-2.80526,0,22,0
0.431789,1.71879,3.04164,0,22,0
0.142722,1.84864,-2.70723,0,22,0
2.18469,1.83682,-2.81398,0.13957,-211,1
1.78022,1.85058,-2.97279,0,22,0
2.19971,1.90564,-3.01304,0,22,0
0.12915,2.13774,2.97678,0,22,0
0.0607087,0.881151,2.23479,0,22,0
0.1446,-6.61809,2.23944,0,22,0
0.268499,-6.96459,1.64061,0,22,0
8.39611,0.439244,1.47236,0,22,0
4.15111,0.427943,1.45249,0,22,0
0.0958499,0.111224,1.04549,0,22,0
0.156009,0.550199,2.1057,0,22,0
0.745091,-0.216765,1.24926,0,22,0
0.0517043,0.227469,1.77722,0,22,0
0.229299,-0.712349,1.28779,0,22,0
1.95713,-0.591948,1.12611,0,22,0
3.33341,-0.512868,0.877407,0,22,0
5.39345,-0.51281,0.845571,0,22,0
7.92,-0.515882,0.85793,0,22,0
1.98296,-0.524034,0.824858,0,22,0
2.55882,-0.653197,-2.24073,0,22,0
81.3022,-0.655702,-2.20096,0,22,0
21.435,-0.652554,-2.20023,0,22,0
0.322344,0.592942,-0.906082,0,22,0
0.0628281,-0.192894,-0.401078,0,22,0
0.208781,0.383691,-1.69708,0,22,0
1.08729,0.333758,-1.4173,0,22,0
0.0326701,3.18652,-2.5599,0,22,0
0.137606,1.71227,2.42792,0,22,0
0.0668867,7.37792,-1.27214,0,22,0
0.160772,7.5858,-2.6675,0,22,0
0.155278,-2.01946,-2.02209,0,22,0
0.185741,-2.77087,-1.82166,0,22,0
0.0734333,-3.11921,-0.398,0,22,0
0.0657904,-3.26801,2.23725,0,22,0
0.053584,1.18871,1.98518,0,22,0
0.0898985,1.82205,-1.97428,0,22,0
0.0865227,4.60055,-0.351879,0,22,0
0.119653,3.40014,0.0208867,0,22,0
0.606132,4.74859,-2.2403,0.93827,2212,1
0.0525695,5.52173,-0.793997,0.13957,-211,1
0.0638695,5.22199,2.82268,0,22,0
0.0147863,2.37508,-0.329085,0,22,0
0.0299461,0.107348,-1.40296,0,22,0
0.55662,0.999182,-0.904306,0,22,0
8.19386,0.250395,-0.570608,0.93827,2212,1
2.57459,0.244184,-0.587914,0.13957,-211,1
2.39573,0.279313,-0.618481,0,22,0
1.27908,0.335727,-0.565918,0,22,0
1.0211,0.667959,-0.911972,0,22,0
0.0756895,0.279933,-0.622383,0,22,0
0.218316,1.95637,0.104573,0,22,0
0.104799,2.7932,-0.128782,0,22,0
0.147537,1.62212,3.12698,0,22,0
0.888462,1.33793,2.88623,0,22,0
1.68893,1.52298,-3.09487,0,22,0
0.0924719,1.80885,3.00263,0,22,0
1.01977,1.79518,-3.09062,0,22,0
0.208229,1.52984,3.07009,0,22,0
1.8992,1.55667,-2.94988,0,22,0
0.675967,1.58435,-3.06581,0,22,0
0.13334,1.30442,0.0974822,0,22,0
0.0316603,0.319913,-2.15855,0,22,0
1.49888,1.82044,-2.62917,0,22,0
1.1505,1.90972,-2.57829,0,22,0
0.1928,1.76983,-3.10991,0,22,0
0.425865,1.60618,-2.66458,0,22,0
0.114718,-0.699412,2.47317,0,22,0
0.0648661,-0.251561,-2.11667,0,22,0
0.149072,-0.249847,-0.248768,0,22,0
0.220408,-0.418622,-0.990917,0,22,0
0.0388945,-1.09925,2.81042,0,22,0
0.183575,-0.886618,0.983653,0,22,0
2.47344,-0.836146,-2.63922,0.13957,211,1
2.65106,-0.715348,-2.74543,0.13957,-211,1
24.6544,-0.769651,-2.3737,0.13957,-211,1
0.169639,-0.355312,-0.799694,0,22,0
0.228667,-0.451047,-1.49205,0,22,0
0.0492277,-0.0565487,-1.87645,0,22,0
0.452391,-0.161258,-0.944699,0,22,0
0.0173334,1.72502,0.062796,0,22,0
0.238946,0.205788,-1.31246,0,22,0
10.3413,1.39203,-3.02571,0.49368,-321,1
2.37891,1.666,-3.00654,0,22,0
1.42087,1.7234,-2.96077,0,22,0
46.038,-0.675339,-2.21952,0.13957,211,1
19.8561,-0.676829,-2.21846,0.13957,-211,1
60.4486,-0.668004,-2.19397,0.49761,130,0
40.0946,-0.748439,-2.35724,0.49368,321,1
25.4326,-0.74578,-2.35452,0.49368,-321,1
0.988529,-0.77535,-2.4033,0,22,0
2.64543,-0.720881,-2.34004,0,22,0
0.1877,1.03568,-2.95785,0,22,0
0.225269,1.68061,-2.93908,0,22,0
102.26.

