0.634845,-0.004964,-1.21203,0.13957,-211,1
0.350437,-0.352396,-1.72799,0.13957,-211,1
6.47395,-0.0854089,-1.31214,0.13957,211,1
3.69337,-0.495524,-1.28637,0.13957,-211,1
4.56454,-0.0626948,-1.19599,0.13957,-211,1
1.82938,-6.45153,2.03733,0.13957,211,1
0.931154,-6.3392,-3.02013,0.13957,-211,1
0.0874222,-5.53413,-1.23866,0.13957,211,1
0.597533,-3.34582,2.70395,0.13957,211,1
0.588274,1.91536,0.99292,0.49368,321,1
0.168677,1.70248,1.12998,0.13957,-211,1
0.265966,1.43212,1.86173,0.13957,211,1
1.88376,0.491774,0.933363,0.13957,-211,1
4.61487,1.05684,1.74164,0.13957,-211,1
11.2185,1.02164,1.83424,0.13957,-211,1
1.04429,-1.8053,3.03867,0.13957,211,1
0.605126,-2.34017,-2.5398,0.13957,-211,1
0.837022,-1.65495,-3.12639,0.13957,211,1
1.7526,-2.75805,2.64952,0.13957,-211,1
0.381845,-1.24214,1.65242,0.49368,-321,1
0.769311,-0.244575,2.37756,0.13957,-211,1
1.11558,0.386102,-1.95084,0.93827,2212,1
0.676339,0.668673,-2.99412,0.93957,-2112,0
0.213534,1.04131,0.338498,0.13957,211,1
1.55921,0.621046,-0.490696,0.13957,211,1
0.0698529,2.77254,-2.73025,0.13957,-211,1
1.06705,2.13425,-0.846656,0.93827,2212,1
0.910036,2.10448,-0.486808,0.93827,-2212,1
1.02521,2.44881,0.220469,0.13957,211,1
0.49955,2.90385,-1.42339,0.93957,2112,0
1.60544,0.588702,2.27134,0.13957,-211,1
0.536572,1.07383,-1.30669,0.13957,211,1
0.595301,0.255335,1.84893,0.13957,-211,1
0.465147,0.317495,0.87602,0.13957,211,1
0.375942,-1.06993,-2.28417,0.93957,2112,0
0.357415,-3.49516,2.0706,0.93957,-2112,0
0.460233,-3.4956,-2.81191,0.13957,211,1
4.64709,1.08656,1.82362,0.13957,-211,1
42.409,1.05892,1.83292,0.13957,-211,1
17.3299,1.04269,1.86348,0.13957,211,1
7.22236,1.2941,1.75508,0.13957,211,1
12.539,1.15231,1.70357,0.13957,-211,1
7.63575,1.29859,1.73562,0.13957,211,1
18.4762,1.27869,1.84966,0.93957,2112,0
14.1037,1.27108,1.78067,0.93957,-2112,0
0.267243,-1.22669,-0.678376,0.13957,-211,1
0.558855,-0.531753,2.93359,0.13957,211,1
0.430402,-0.158618,-3.10681,0.13957,211,1
2.42621,-1.32244,-3.08956,0.13957,-211,1
2.18006,-2.69777,3.04619,0.49368,321,1
5.51172,-2.28333,2.89842,0.49368,-321,1
0.816885,-2.76471,-2.99178,0.13957,211,1
0.617905,-4.44996,1.68162,0.13957,-211,1
0.324285,-6.38011,-2.99947,0.93827,-2212,1
0.336679,-6.84162,-0.612129,0.93827,2212,1
0.569415,-6.75281,2.93803,0.93827,-2212,1
0.74112,-6.11724,-0.364475,0.13957,211,1
0.32332,-9.06898,1.03581,0.93957,2112,0
2.35796,-0.0745479,-1.29524,0.13957,-211,1
15.1571,-0.0984568,-1.23679,0.49368,321,1
22.1943,-0.0797487,-1.24855,0.49368,-321,1
5.51145,-0.175108,-1.25306,0.13957,211,1
10.2824,-0.0651781,-1.2152,0.13957,-211,1
8.13227,-0.0459947,-1.35057,0.49368,321,1
2.84589,-0.00220192,-1.37459,0.49368,-321,1
0.369706,0.776186,0.91059,0.13957,211,1
0.573745,2.741,2.97111,0.13957,211,1
2.53417,2.77545,-2.66516,0.13957,-211,1
1.11147,2.63573,-2.73895,0.49368,321,1
1.19903,2.83517,-2.35436,0.13957,211,1
0.802405,2.92292,2.68433,0.13957,211,1
1.85276,2.73047,-2.5911,0.13957,-211,1
0.555103,3.13881,2.67853,0.13957,211,1
1.83284,2.01759,-3.03462,0.49368,-321,1
0.990668,2.53562,2.82459,0.13957,211,1
0.705569,2.21268,-2.89064,0.13957,-211,1
0.540389,5.70851,-1.64531,0.93827,-2212,1
0.236108,-1.32528,2.09936,0.49368,-321,1
0.877385,0.456343,-1.42865,0.13957,211,1
0.491831,-2.86667,1.23207,0.93827,2212,1
4.17113,-0.504072,-0.992718,0.93827,2212,1
0.512013,3.05162,-2.3814,0.13957,-211,1
0.816009,6.73508,-3.12866,0.13957,211,1
0.467675,6.72836,-1.47876,0.13957,-211,1
1.82482,5.07471,-1.88897,0.93827,2212,1
1.40445,4.36839,-2.4494,0.49368,-321,1
0.602428,4.84192,-1.51042,0.13957,-211,1
0.317336,4.39035,2.70286,0.13957,211,1
1.03243,3.48332,-2.92082,0.13957,-211,1
0.72906,2.42874,2.35663,0.13957,211,1
0.460591,2.09625,2.2125,0.13957,-211,1
0.202843,-0.363325,-0.365702,0.13957,211,1
0.812113,0.0111085,0.992329,0.13957,211,1
0.342819,-0.504132,1.53444,0.93957,2112,0
1.1319,-0.619689,1.5158,0.93827,-2212,1
1.04,-1.68594,1.81399,0.93827,2212,1
0.793199,-1.82604,0.6381,0.93957,-2112,0
0.472887,-3.19307,-0.476854,0.13957,211,1
0.498433,-3.5829,1.45454,0.13957,-211,1
0.611911,-3.19325,0.109963,0.93827,2212,1
2.40754,-1.2073,-0.57859,0.49368,-321,1
1.76286,-1.6336,0.173886,0.93957,2112,0
0.269106,-0.322878,-0.392541,0.13957,-211,1
0.476697,-2.82468,2.67027,0.13957,-211,1
0.627273,-3.09621,0.545559,0.13957,211,1
0.460668,-4.9976,1.67973,0.13957,-211,1
0.122895,-6.63332,-0.481488,0.13957,211,1
0.693805,-6.37011,1.1674,0.13957,211,1
0.384984,-5.3102,2.37781,0.49368,-321,1
0.472563,-1.86915,3.11707,0.49368,321,1
0.213055,-2.10676,1.37628,0.93957,-2112,0
0.391766,1.03469,-0.559471,0.13957,-211,1
0.715218,1.26208,1.71944,0.93827,2212,1
1.40439,1.67004,-1.54109,0.93957,-2112,0
0.112133,1.01256,-0.308815,0.13957,-211,1
0.790991,3.48907,-2.081,0.13957,-211,1
1.12922,2.66792,-0.271744,0.13957,211,1
0.246986,1.84427,2.29795,0.13957,-211,1
0.724805,3.03047,0.907358,0.13957,211,1
0.556429,2.32817,-0.877054,0.13957,-211,1
0.779102,1.58562,0.831718,0.13957,-211,1
3.69045,1.74596,1.32397,0.13957,211,1
0.793236,1.56597,1.92462,0.13957,-211,1
0.42297,0.565336,-1.28087,0.13957,211,1
0.73592,6.21286,-0.0238812,0.49368,-321,1
0.357083,7.74791,1.80503,0.93827,2212,1
0.704912,6.40122,0.743643,0.13957,211,1
3.9064,-0.423477,-1.1996,0.13957,211,1
9.14202,-0.0917984,-1.22765,0.13957,211,1
0.592248,-5.97243,2.07422,0.13957,-211,1
0.0758303,-5.11132,-0.939014,0.13957,-211,1
0.528454,-3.68266,-2.7861,0.13957,211,1
2.23699,1.35813,1.16612,0.49761,130,0
0.233631,0.99343,2.18192,0.13957,211,1
1.25615,1.18952,1.12689,0.13957,-211,1
0.563771,1.76493,1.47148,0.13957,211,1
6.70334,1.03052,1.7895,0.13957,211,1
5.69189,1.03599,1.84179,0.13957,211,1
3.41934,1.11341,1.82568,0.13957,-211,1
12.7824,1.03956,1.78835,0.13957,211,1
0.642301,-1.54841,-1.64772,0.13957,-211,1
0.319536,-1.64173,-2.24863,0.13957,211,1
0.230297,-2.00278,-1.53381,0.13957,211,1
0.378378,0.558466,-2.85366,0.13957,-211,1
0.220009,1.61083,-0.78129,0.13957,211,1
0.403101,0.0577074,-2.45922,0.13957,-211,1
0.0599818,0.0187189,-2.67014,0.13957,-211,1
0.63775,-4.39858,-1.82224,0.13957,-211,1
26.6028,1.05717,1.80272,0.49761,130,0
68.9711,1.05375,1.81741,0.13957,211,1
3.36692,1.04738,1.81295,0.13957,-211,1
12.5512,1.03792,1.83676,0.13957,211,1
1.65487,0.998452,1.73907,0.13957,-211,1
57.6273,1.07264,1.84017,0.93827,2212,1
18.3213,1.05875,1.81513,0.13957,211,1
9.66671,1.19687,1.84026,0.93827,-2212,1
2.24059,1.02968,1.65942,0.13957,-211,1
6.40402,1.30526,1.91842,0.13957,211,1
0.502713,1.24984,2.15917,0.13957,-211,1
0.46063,1.49395,1.95695,0.49368,321,1
0.913761,1.07649,1.42095,0.13957,-211,1
0.657226,1.44834,1.70151,0.49368,-321,1
1.3912,1.02508,1.70712,0.13957,211,1
0.367575,-0.561493,0.613704,0.13957,211,1
0.488048,-0.662883,2.50618,0.13957,-211,1
0.125601,-1.60055,0.160442,0.13957,-211,1
1.71246,-1.52922,-2.94458,0.13957,211,1
3.75953,-1.41419,-2.92537,0.49368,321,1
3.11837,-1.4395,-3.12239,0.13957,-211,1
5.47833,-1.32847,3.1169,0.93957,-2112,0
2.56415,-1.38777,3.11332,0.13957,-211,1
2.1335,-1.91333,-3.07311,0.13957,211,1
1.09732,-2.35545,2.99152,0.13957,-211,1
0.571831,-3.33688,-2.76438,0.93957,2112,0
0.286151,-2.59015,0.123511,0.13957,211,1
2.62367,0.0209115,-1.43805,0.13957,211,1
0.658664,-0.0590928,-0.650182,0.13957,-211,1
0.701132,0.094593,-1.88093,0.13957,211,1
1.98952,1.27563,-2.99133,0.13957,-211,1
0.429639,2.62855,2.96155,0.49368,321,1
0.428062,2.11151,1.45808,0.13957,-211,1
1.26347,2.59036,-2.47718,0.49761,130,0
1.08281,2.57632,-2.86014,0.49761,130,0
3.12949,2.70189,-2.73426,0.13957,-211,1
3.09833,2.9263,-2.85617,0.13957,-211,1
2.20485,2.65196,-3.05075,0.13957,211,1
1.2769,3.11575,2.85644,0.13957,-211,1
0.886903,2.50343,2.60416,0.13957,211,1
0.181152,2.4885,-2.06165,0.13957,-211,1
0.809233,2.39157,2.72565,0.49368,321,1
1.19752,2.576,2.71038,0.13957,-211,1
0.443996,2.50251,-3.09306,0.49368,-321,1
0.69258,1.4586,-2.82421,0.13957,211,1
2.14095,1.74113,-3.08883,0.49761,130,0
0.124497,2.24228,2.19765,0.13957,-211,1
0.451322,2.50833,2.76779,0.49368,321,1
0.433294,7.63172,0.64963,0.93957,2112,0
0.251294,6.18296,-0.766466,0.13957,-211,1
0.420487,4.07285,0.551888,0.13957,211,1
0.344696,3.70035,0.327869,0.13957,211,1
0.177469,2.5596,-2.24158,0.49761,130,0
0.100027,-1.97054,-1.74524,0.13957,-211,1
0.565267,-2.00087,1.3088,0.13957,211,1
0.281913,-2.7364,-1.19962,0.13957,-211,1
1.0168,-2.42531,-1.9702,0.13957,211,1
0.30985,-1.70327,1.14298,0.13957,-211,1
0.361636,-2.28959,-2.43128,0.13957,211,1
0.61438,-2.09326,-0.653721,0.13957,-211,1
0.542852,-2.01916,-2.61532,0.13957,211,1
0.690226,-1.18386,-1.0117,0.13957,-211,1
1.4971,-0.675247,-1.02643,0.93957,-2112,0
0.562675,0.226161,-1.64019,0.13957,-211,1
1.12319,-0.609717,-1.23146,0.13957,211,1
2.55788,-1.0822,-1.16758,0.13957,-211,1
12.8005,-0.53899,-1.14139,0.93827,-2212,1
0.15756,4.13644,0.106746,0.13957,211,1
0.939308,5.75503,0.334902,0.13957,211,1
0.498378,4.51968,-0.618502,0.13957,-211,1
0.43362,5.74566,0.847931,0.13957,-211,1
0.270055,5.62296,2.81159,0.13957,211,1
0.901002,5.89693,-2.43211,0.13957,-211,1
0.374175,4.23253,2.7008,0.13957,211,1
3.73784,3.8097,-3.01369,0.13957,-211,1
0.530879,1.21415,-0.722661,0.13957,211,1
0.338762,1.07253,1.8496,0.13957,-211,1
0.38947,0.577926,1.60677,0.13957,-211,1
1.24034,-2.12687,0.625743,0.13957,-211,1
0.151704,-3.16858,-2.957,0.49761,130,0
0.568487,-3.52871,-0.491657,0.13957,211,1
0.398706,-3.16883,-0.662884,0.13957,-211,1
0.99177,-2.66378,-1.25404,0.93957,-2112,0
1.36881,-0.863781,-0.137359,0.13957,211,1
0.283823,-0.842839,-0.87894,0.13957,211,1
1.70697,-1.58521,-0.0639494,0.13957,-211,1
1.88478,-2.11771,0.528614,0.93957,-2112,0
0.244607,-2.05662,1.34327,0.13957,211,1
0.172078,-3.18816,0.596074,0.13957,-211,1
0.495078,-3.2147,1.95434,0.13957,211,1
0.362388,-3.49576,2.11193,0.49761,130,0
0.574314,-3.06322,1.18295,0.13957,-211,1
0.742212,-2.78229,1.45554,0.13957,211,1
0.458411,-6.4888,3.02658,0.13957,-211,1
0.690352,-6.26589,-2.51582,0.49761,130,0
0.668066,2.43832,-0.283553,0.13957,211,1
1.92871,1.75656,1.21028,0.93827,2212,1
0.982712,1.9746,1.31197,0.13957,211,1
7.58826,1.70879,1.39735,0.93957,-2112,0
6.19558,1.57135,1.38398,0.13957,-211,1
2.34249,1.64361,1.25962,0.13957,211,1
0.808055,1.65364,1.1611,0.13957,-211,1
12.8594,1.02425,1.77841,0.49761,130,0
0.474601,-1.46523,-2.33944,0.49761,130,0
0.760417,1.39127,-0.185385,0.49761,130,0
1.05601,2.23373,2.79271,0.49761,130,0
2.14152,5.68873,-2.35615,0.49761,130,0
0.941389,-3.77951,0.155197,0.49761,130,0
0.688538,-4.01104,0.908078,0.49761,130,0
4.80649,1.59093,1.4118,0.49761,130,0
4.15809,-0.5116,-1.21053,0,22,0
0.948363,-0.483508,-1.14862,0,22,0
4.45046,-0.454928,-1.15514,0,22,0
8.33057,-0.0847239,-1.37348,0.13957,-211,1
5.89599,-0.0944139,-1.47647,0.93957,-2112,0
4.74329,-0.17477,-1.18864,0,22,0
1.38981,-0.198935,-1.14195,0,22,0
0.827413,-0.413383,-1.14841,0,22,0
2.08479,-0.448565,-1.24501,0,22,0
0.160139,-0.134777,-1.35922,0,22,0
4.1066,-0.299084,-1.38466,0,22,0
5.37918,-0.100121,-1.1805,0.13957,211,1
0.899721,-0.163298,-1.34861,0.13957,-211,1
0.0373324,-7.00724,-2.65697,0,22,0
0.406716,-6.85849,2.4791,0,22,0
0.309539,-5.41508,1.74662,0.13957,211,1
0.201431,-5.62115,-0.065273,0.13957,-211,1
0.255023,-3.99701,-1.82445,0.13957,211,1
0.479245,-3.10939,-2.85093,0.13957,-211,1
0.165864,-4.11934,-2.07488,0,22,0
0.810998,-3.02185,-3.06386,0,22,0
0.481237,1.18289,0.764834,0.13957,211,1
0.216801,1.56794,1.04955,0.13957,-211,1
0.457052,1.50391,1.15056,0.13957,211,1
0.29186,1.0395,1.43882,0.13957,-211,1
0.637018,1.13271,1.74413,0,22,0
0.926224,0.962982,1.7889,0,22,0
0.613845,0.676719,2.15221,0,22,0
0.337538,0.70989,2.44796,0,22,0
2.16684,0.905111,1.69843,0,22,0
0.928339,0.851483,1.77707,0,22,0
12.5514,0.997027,1.78189,0,22,0
2.13026,1.00925,1.80495,0,22,0
0.212134,-2.19505,1.83648,0,22,0
0.336268,-0.847842,-2.82544,0,22,0
0.645996,-2.0568,2.14187,0.13957,211,1
0.264867,-2.10651,1.30952,0.13957,-211,1
0.74148,-1.18963,2.15874,0,22,0
0.210025,-0.968796,2.42031,0,22,0
0.234572,1.03669,-2.90642,0,22,0
0.678044,0.936525,-2.58171,0,22,0
0.104309,-0.521373,2.99696,0.13957,211,1
0.279368,-0.325168,1.23387,0.13957,-211,1
0.37483,0.922656,-1.6479,0,22,0
0.104308,0.494145,-2.18299,0,22,0
0.907478,3.65809,-0.122733,0.93957,-2112,0
0.226324,4.35696,0.136378,0,22,0
0.0309738,4.8817,1.8665,0,22,0
0.491183,4.20281,1.79094,0.13957,211,1
0.225259,4.43074,1.42142,0.13957,-211,1
0.158555,6.12998,1.54051,0,22,0
0.159973,5.39262,1.92965,0,22,0
0.193399,6.43767,1.26605,0,22,0
0.175345,7.14743,1.15644,0,22,0
0.162113,2.09453,2.51341,0,22,0
0.1959,2.42944,1.82108,0,22,0
0.061544,-4.31531,0.329921,0,22,0
0.298051,-4.62262,1.3172,0,22,0
6.40958,0.985532,1.78129,0,22,0
0.1129,0.906291,1.64373,0,22,0
12.1767,1.28217,1.74544,0,22,0
14.0943,1.27496,1.75281,0,22,0
3.11965,1.27858,1.87853,0.13957,211,1
3.84927,1.30419,1.79821,0.13957,-211,1
0.047263,-0.349734,-2.62973,0,22,0
0.0496803,1.83914,-1.75194,0,22,0
0.909852,1.42129,1.94884,0.13957,211,1
0.31648,1.15712,1.42768,0.13957,-211,1
2.14566,0.247295,1.16313,0.93957,2112,0
0.244427,0.445774,0.466582,0.13957,-211,1
0.375106,1.72891,2.44294,0.93957,-2112,0
0.244254,0.295928,1.88048,0.13957,211,1
0.0863545,1.28473,0.514858,0.13957,211,1
0.18876,-0.845438,-0.951289,0.13957,-211,1
0.4895,0.666347,2.03458,0,22,0
0.242314,0.280156,1.98359,0,22,0
0.200412,0.827209,1.09821,0,22,0
0.290874,-0.463953,-2.94754,0,22,0
7.71621,-1.41177,-2.96813,0.93827,2212,1
0.95906,-1.37596,-2.87247,0.13957,-211,1
3.71537,-1.48406,-3.03998,0,22,0
6.76062,-1.46962,-3.06272,0,22,0
0.0351198,-1.42586,-2.13701,0,22,0
0.142713,-2.96224,-3.04688,0,22,0
0.249182,-1.96332,-2.66026,0,22,0
0.0616515,-3.00325,-2.60111,0,22,0
0.206156,-2.83481,-2.19458,0.13957,211,1
0.705199,-2.8039,2.93635,0.13957,-211,1
0.457629,-5.98987,1.81888,0,22,0
6.35377,-0.107775,-1.22195,0,22,0
39.4715,-0.100226,-1.22591,0,22,0
1.73719,-0.0465253,-1.13697,0,22,0
2.27969,0.000500822,-1.18585,0,22,0
2.92957,-0.0312545,-1.2724,0.49368,321,1
1.84329,-0.0906822,-1.28574,0.49368,-321,1
0.376481,0.568483,-0.929769,0.93957,2112,0
0.367372,0.28996,-0.638375,0.13957,-211,1
0.101963,0.85615,-1.63827,0,22,0
1.65604,2.06587,3.06691,0,22,0
2.25707,2.72985,-2.84755,0,22,0
2.17557,2.79049,-2.85325,0,22,0
0.632775,1.91429,2.88643,0,22,0
0.0296766,1.88032,1.85718,0,22,0
0.0199472,3.052,-1.25891,0,22,0
0.366361,2.42747,-2.87485,0,22,0
2.04444,-0.778604,-1.11234,0.13957,211,1
0.483343,-0.916687,-1.0609,0.13957,-211,1
0.116388,3.76728,-0.377157,0,22,0
0.622857,4.37688,0.000396022,0.93957,-2112,0
0.283547,4.44033,-0.604501,0.13957,211,1
0.302778,5.64707,0.202225,0.13957,211,1
0.427202,6.01632,0.40316,0.13957,-211,1
0.215831,6.36278,0.0894765,0.13957,211,1
0.0312694,6.36606,-2.20524,0.13957,-211,1
0.611182,5.92689,-1.09151,0,22,0
0.16235,5.51793,-1.20999,0,22,0
0.170716,6.6639,0.865323,0,22,0
0.252647,6.61322,1.52519,0,22,0
0.173529,5.15553,-1.3254,0,22,0
0.673443,5.30991,-1.69078,0,22,0
1.59886,4.49314,-2.85883,0.93957,-2112,0
0.686051,4.65186,-2.71949,0.13957,211,1
0.938513,4.02633,3.01899,0,22,0
0.192122,3.75649,-3.09731,0,22,0
0.248463,3.44702,-3.13601,0,22,0
0.896563,3.37508,2.8695,0,22,0
0.127193,2.08035,-1.00062,0,22,0
0.0467967,0.824092,-2.19457,0,22,0
0.351365,0.168258,2.08907,0,22,0
0.106251,0.350638,2.77684,0,22,0
0.216705,-3.31166,-0.454499,0.13957,211,1
0.432366,-3.26899,-0.594796,0.13957,-211,1
0.184392,-3.1416,2.63049,0,22,0
0.0836782,-3.73696,-2.71558,0,22,0
2.82594,-3.62925,-0.291314,0,22,0
0.299614,-3.53854,-0.175996,0,22,0
0.170524,-4.06077,-2.66613,0,22,0
0.0236435,-4.8987,-0.00362269,0,22,0
0.169832,-3.32204,-0.109542,0,22,0
0.315716,-3.18046,-0.682797,0,22,0
0.491737,-3.22395,-1.50722,0,22,0
0.182851,-2.83623,0.698243,0,22,0
0.778851,-0.706653,0.000492867,0.13957,211,1
1.00903,-0.519967,-0.461907,0.13957,-211,1
0.195996,-5.83696,-2.50511,0.13957,211,1
0.156682,-6.08613,0.108567,0.13957,-211,1
0.258435,-6.85585,-3.00207,0.13957,211,1
0.0443651,-7.42704,0.0945671,0.13957,-211,1
0.0162194,-4.89981,-2.15695,0,22,0
0.296551,-5.6785,0.02666,0,22,0
0.462344,-2.58827,-0.0412429,0.93827,2212,1
0.183301,-1.83423,0.509686,0.13957,-211,1
0.00296078,5.78225,-1.44097,0,22,0
0.834695,3.57313,-1.83707,0,22,0
2.68937,1.65047,1.22824,0.13957,211,1
8.23678,1.61156,1.33105,0.13957,-211,1
1.69465,1.58057,1.24401,0,22,0
5.93029,1.6089,1.2758,0,22,0
10.9993,1.61984,1.33542,0,22,0
10.8804,1.60788,1.33845,0,22,0
0.942581,2.03189,1.49368,0,22,0
0.62946,1.85963,1.52469,0,22,0
0.0328077,5.65961,2.67985,0,22,0
0.319002,5.69334,1.23955,0,22,0
1.09325,-0.0487538,-1.27197,0,22,0
0.173251,-0.352539,-1.32851,0,22,0
0.112205,-0.0466712,-1.28608,0,22,0
4.85691,-0.125252,-1.1208,0,22,0
0.112771,-4.25774,2.62751,0,22,0
0.219415,-4.91098,-3.10638,0,22,0
0.0884659,-2.32791,-2.11194,0,22,0
0.481427,-2.9083,-2.39819,0,22,0
1.20208,-3.40941,3.03918,0.13957,211,1
0.492137,-3.81575,2.70373,0.13957,-211,1
0.641775,-4.02931,2.7297,0.13957,211,1
0.0667671,-4.35246,-2.21608,0.13957,-211,1
0.0018879,-0.834227,-2.67981,0,22,0
1.13264,1.01831,0.350831,0,22,0
0.16207,1.25361,2.835,0,22,0
0.0683304,1.40013,1.45348,0,22,0
0.604526,0.578667,1.89172,0,22,0
0.516884,0.605379,1.65115,0,22,0
4.1792,0.999786,1.87998,0,22,0
0.489787,1.07191,1.94079,0,22,0
0.409421,-0.995598,0.225537,0,22,0
0.190373,-0.603427,-0.0546222,0,22,0
0.191513,1.49326,-1.63586,0,22,0
0.0524958,1.10196,-1.85317,0.000511,11,1
0.463322,1.12399,-1.84678,0.000511,-11,1
0.268737,4.28459,-2.57903,0.13957,211,1
0.160792,4.28963,0.120878,0.13957,-211,1
0.116766,-5.15938,0.577257,0,22,0
0.267805,-4.46155,0.301443,0,22,0
0.591132,-6.01895,-1.26051,0.13957,211,1
1.23706,-5.56468,-1.11911,0.13957,-211,1
0.656526,1.17361,1.94894,0,22,0
0.0190284,0.4941,0.914114,0,22,0
7.717,1.04601,1.85347,0,22,0
21.1048,1.05648,1.85198,0,22,0
0.702863,-0.822833,2.58195,0,22,0
0.266133,-0.667265,2.31065,0,22,0
1.23462,-1.32126,2.92121,0,22,0
0.576599,-1.27107,3.07326,0,22,0
0.298405,-1.5083,2.1758,0,22,0
0.017241,-1.55742,-1.65857,0,22,0
0.899771,-1.99452,2.66386,0,22,0
1.57136,-1.95933,2.77184,0,22,0
0.327443,0.08606,-1.17604,0,22,0
0.00979943,0.0710177,-0.825889,0.000511,11,1
0.595266,0.103271,-0.87331,0.000511,-11,1
0.149834,0.791489,2.0241,0,22,0
0.0877323,1.55349,2.93677,0,22,0
1.2524,2.62985,-2.6108,0.13957,211,1
0.212026,3.28286,-2.30309,0.13957,-211,1
0.410023,2.71825,-2.90857,0,22,0
3.8977,2.61186,-2.90025,0,22,0
0.911705,2.44221,2.90933,0,22,0
0.0646606,2.98652,2.83575,0,22,0
0.581974,3.24088,-2.81194,0,22,0
0.861723,3.06841,-2.89263,0,22,0
0.284026,1.33958,-3.02958,0,22,0
0.202658,1.46686,-2.47448,0,22,0
3.98263,1.53425,3.11323,0,22,0
0.46288,1.43556,3.10154,0,22,0
0.523102,2.09045,3.11441,0,22,0
0.611013,2.24127,2.92918,0,22,0
0.41056,5.00901,0.829446,0,22,0
0.528992,5.28838,0.902499,0,22,0
0.151655,3.37129,2.29578,0,22,0
0.272426,3.91973,2.66195,0,22,0
0.0682416,-0.225604,2.48373,0,22,0
0.504231,-0.0866498,1.75336,0,22,0
5.71938,-0.585995,-1.17079,0,22,0
2.47104,-0.62161,-1.16625,0,22,0
0.972066,3.33068,-1.55682,0,22,0
0.163171,3.01104,-1.44801,0,22,0
0.838085,5.93021,-0.0591577,0,22,0
0.205025,6.03397,-0.369037,0,22,0
0.0397295,5.90383,-2.28629,0,22,0
0.456049,4.948,-2.42872,0,22,0
0.361268,1.78966,-3.10865,0,22,0
0.148004,2.36147,-3.03955,0,22,0
0.118926,0.65123,2.9623,0,22,0
0.474281,0.802051,-2.76586,0,22,0
0.0849553,-1.67469,2.82792,0,22,0
0.0847777,-0.984725,-1.86725,0,22,0
0.00979461,-0.58995,1.04777,0,22,0
0.167508,-3.0734,-0.0217531,0,22,0
0.142772,-2.95978,-1.9587,0,22,0
0.341596,-2.60274,-1.4588,0,22,0
0.146701,-2.6225,-1.80358,0,22,0
0.423548,-2.13498,-2.02947,0,22,0
0.0737403,-2.20362,-1.65093,0,22,0
0.262241,-1.84715,-1.37705,0.000511,11,1
0.0841328,-1.44971,-1.93034,0.000511,-11,1
0.0945948,-2.73374,0.469822,0.13957,211,1
0.689347,-1.32962,0.0688127,0.13957,-211,1
0.58089,-1.55525,-0.0454296,0,22,0
0.298192,-1.26018,0.0868913,0,22,0
2.09631,-3.16242,1.66911,0,22,0
0.685842,-3.14216,1.55832,0,22,0
0.104173,-4.13498,0.839302,0,22,0
0.847752,-3.96843,1.26501,0,22,0
1.44602,-3.39088,1.76956,0,22,0
0.171064,-3.56086,1.98136,0,22,0
0.100263,-6.55684,-0.691988,0,22,0
0.249995,-6.80208,-1.53291,0,22,0
0.436633,2.31446,0.415968,0,22,0
0.627055,2.57071,0.438719,0,22,0
2.65032,1.55854,1.2686,0.13957,211,1
6.08808,1.62679,1.33807,0.13957,-211,1
4.54155,1.57264,1.32386,0,22,0
0.866205,1.57475,1.3919,0,22,0
0.923519,0.853135,-0.91513,0.13957,211,1
1.32166,0.741768,-0.559244,0.13957,-211,1
0.27978,-3.26467,-2.86782,0.13957,211,1
0.350906,-3.12089,1.99189,0.13957,-211,1
0.148501,-0.775701,-1.3118,0,22,0
0.184817,-0.0624284,-0.944853,0,22,0
0.637841,-0.314372,-1.13347,0,22,0
0.83775,-0.444288,-1.00225,0,22,0
0.889115,-0.240585,-1.09706,0,22,0
0.740163,-0.384663,-1.1801,0,22,0
0.805069,-0.302937,-1.11363,0,22,0
0.345633,-0.0560029,-1.17837,0,22,0
0.0923137,-6.58005,1.55253,0,22,0
0.202637,-6.23555,0.591818,0,22,0
0.377776,-3.49553,-2.22427,0,22,0
0.235049,-3.08117,-2.40065,0,22,0
0.225484,-3.04051,-2.34207,0,22,0
0.030558,-4.35062,-1.50019,0,22,0
0.204932,-3.57044,-2.7706,0,22,0
0.0130169,-5.38181,1.66435,0,22,0
0.0853973,-3.64641,2.89713,0,22,0
0.360484,-3.08148,-2.86629,0,22,0
0.117721,0.716782,1.4636,0,22,0
0.0471692,0.309661,-0.697418,0,22,0
0.192646,1.39626,0.482481,0,22,0
0.0433581,0.670113,1.86741,0,22,0
0.0736369,-1.97063,-2.29963,0,22,0
0.150506,-2.64095,2.83655,0,22,0
0.0128786,-1.38389,2.37194,0,22,0
0.265196,0.268214,-2.37795,0,22,0
0.0904636,-0.0937398,-1.47077,0,22,0
0.0108904,-3.04354,-2.70482,0,22,0
0.133464,-0.235729,-2.12393,0,22,0
0.162908,-0.470567,-3.04029,0,22,0
0.0259385,1.17141,1.14032,0,22,0
0.32337,0.649977,2.65813,0,22,0
0.00915578,0.837302,-3.10743,0,22,0
0.187644,3.00056,-0.427513,0,22,0
0.123093,4.48327,-0.455755,0,22,0
0.059302,3.41459,-1.63728,0,22,0
0.769821,1.07068,1.87619,0,22,0
0.140052,1.16228,1.47272,0,22,0
0.211206,1.66109,2.59547,0,22,0
0.0353793,1.1051,-2.05633,0,22,0
0.198166,-0.245887,1.55516,0,22,0
0.0579551,-1.31662,2.1343,0,22,0
0.576691,-2.45502,3.0466,0,22,0
0.0435298,-1.85175,-2.63539,0,22,0
0.247452,-6.58315,3.05948,0,22,0
0.289853,-6.67067,-2.72212,0,22,0
0.566149,0.936631,-2.53294,0.93957,-2112,0
1.06882,1.79689,2.69284,0,22,0
0.293157,1.74557,2.45668,0,22,0
0.0380233,3.04696,3.14021,0,22,0
0.031648,2.1213,2.91511,0.000511,11,1
0.480799,2.13653,2.92922,0.000511,-11,1
0.478565,2.41859,2.38337,0,22,0
0.243562,2.20778,2.71917,0,22,0
0.588788,2.34246,2.68772,0,22,0
0.114425,1.82817,2.68071,0,22,0
0.206607,-0.607965,-1.39888,0,22,0
0.461517,-0.675345,-0.963554,0,22,0
0.464575,4.49132,-0.606922,0.93827,2212,1
0.0171944,5.13972,0.141232,0.13957,-211,1
0.0688876,5.60053,0.760549,0,22,0
0.0697229,7.20829,-0.0358358,0,22,0
0.269462,5.03289,1.01147,0,22,0
0.107101,5.10385,1.8251,0,22,0
0.126989,-2.29989,1.90628,0,22,0
0.143082,-1.73449,1.06,0,22,0
0.0500319,-0.502171,1.1429,0,22,0
0.15051,-1.62248,2.20592,0,22,0
0.154983,-1.05332,1.09146,0,22,0
0.220009,-1.75901,1.21529,0,22,0
0.269767,-3.63611,-1.88101,0,22,0
0.168153,-3.93705,-1.31641,0,22,0
0.194446,-1.15299,0.42273,0,22,0
0.0431905,-0.100068,-0.598014,0,22,0
0.0981593,-5.26609,1.70767,0,22,0
0.195871,-4.88643,0.779282,0,22,0
0.0592949,-4.24569,2.51329,0,22,0
0.0350608,-5.61222,2.32182,0.000511,11,1
0.122962,-5.51782,2.44738,0.000511,-11,1
2.64724,1.62265,1.29037,0,22,0
0.458449,1.53639,1.20335,0,22,0
0.105194,4.91563,-2.22248,0,22,0
0.361338,5.59479,-2.23054,0,22,0
0.124684,4.44521,-2.50891,0,22,0
0.381393,4.69276,-1.93397,0,22,0
0.0821741,2.27647,-2.81126,0,22,0
0.468792,1.60218,-2.83963,0,22,0
0.0556419,2.15004,1.18783,0,22,0
0.0696839,3.1546,-2.59554,0,22,0
0.533257,-1.80975,-0.831044,0,22,0
0.112032,-1.84251,-1.38954,0,22,0
0.114369,-2.73525,-0.813281,0,22,0
0.0408858,-2.94803,1.93974,0,22,0
0.250614,2.55117,-3.10479,0,22,0
0.789991,2.79771,-2.92869,0,22,0
0.427601,2.42673,-2.76497,0,22,0
0.91297,2.59842,-2.63403,0,22,0
0.436969,2.18488,2.40277,0,22,0
0.109488,1.58029,2.46621,0,22,0
0.105437,1.8681,-2.98645,0,22,0
0.0495034,0.554368,-1.66738,0,22,0
9.83839,-0.439139,-1.16455,0,22,0
2.56909,-0.0307249,-1.45903,0.13957,-211,1
0.21345,-0.0688991,-1.34236,0,22,0
1.78453,-0.0814177,-1.56114,0,22,0
0.0256146,2.03346,0.611009,0,22,0
0.135625,0.867086,-1.99776,0,22,0
8.69643,-0.477944,-1.14484,0.13957,-211,1
2.19068,-0.433749,-1.1668,0,22,0
10.4418,-0.461877,-1.16451,0,22,0
16.5684,-0.0188829,-1.45156,0.13957,211,1
22.8883,-0.0378526,-1.47778,0.93827,2212,1
6.36596,-0.417853,-1.19666,0.13957,211,1
13.7552,-0.45022,-1.17201,0.13957,211,1
4.32122,-0.0902401,-1.50385,0,22,0
1.06952,-0.0559612,-1.55646,0,22,0
3.15231,-0.0115746,-1.46881,0,22,0
8.33792,-0.0318138,-1.48565,0,22,0
21.7076,-0.439817,-1.17166,0,22,0
3.45373,-0.440614,-1.15609,0,22,0
6.42446,-0.443499,-1.15843,0,22,0
12.2655,-0.445043,-1.17355,0,22,0
0.356259,-0.481795,-1.08671,0,22,0
7.63054,-0.439661,-1.15691,0,22,0
4.40071,-0.454871,-1.08314,0,22,0
3.57803,-0.463245,-1.11611,0,22,0
2.8729,-0.453201,-1.16917,0,22,0
120.976,-0.458144,-1.16388,0,22,0
31.2011,-0.451277,-1.15838,0,22,0
0.780537,-0.470782,-1.17756,0,22,0
12.1908,-0.462552,-1.15628,0,22,0
19.3111,-0.466068,-1.16434,0,22,0
135.018.

