81.8894,-1.63149,-0.983334,0,22,0
213.372,0.920477,-2.69519,0,22,0
0.311516,7.57849,-1.60553,0.13957,-211,1
2.26963,0.987201,-2.51805,0.13957,-211,1
1.25816,0.734626,-2.81276,0.49368,321,1
6.67188,-1.76425,0.305427,0.13957,211,1
61.7439,-1.80793,0.304965,0.93957,2112,0
23.4568,-1.77364,0.312648,0.93827,-2212,1
12.7049,-1.72652,0.312378,0.13957,211,1
23.0225,-1.75817,0.233301,0.93957,2112,0
21.5726,-1.70372,0.271705,0.93827,-2212,1
25.3335,-1.73452,0.234224,0.13957,211,1
12.6964,-1.30331,0.666116,0.49368,-321,1
4.78822,-1.35528,0.743609,0.13957,-211,1
15.6332,-1.22841,0.59721,0.13957,211,1
0.434632,-1.39323,0.753681,0.13957,-211,1
17.3954,-1.31912,0.59858,0.93827,2212,1
12.9067,-1.21426,0.563852,0.93957,-2112,0
0.671296,2.22951,0.234425,0.49368,-321,1
0.896772,-0.502641,-1.30899,0.49368,321,1
0.581718,0.393323,-0.708405,0.49368,-321,1
0.493284,-3.74849,-0.561247,0.49368,-321,1
0.437274,-1.91659,-0.698622,0.13957,211,1
0.316007,-5.69953,-1.85662,0.49368,321,1
0.869274,-4.98515,-1.74291,0.49368,-321,1
1.02792,-8.21643,-2.35656,0.93827,2212,1
0.0529825,-0.435629,2.45766,0.13957,-211,1
0.39531,-1.52342,-2.02356,0.13957,211,1
0.260649,0.941135,1.72902,0.49368,321,1
1.56814,-1.67032,0.252201,0.13957,-211,1
1.42471,-1.44964,0.285953,0.13957,211,1
7.23204,-1.32013,0.599915,0.13957,-211,1
17.0431,-1.29724,0.616398,0.49368,321,1
0.232994,0.222883,-0.174601,0.13957,-211,1
0.742967,-0.113184,-2.79433,0.13957,211,1
0.184199,5.24765,0.351863,0.13957,-211,1
0.225726,6.8728,0.426996,0.13957,211,1
0.231291,4.39463,-2.1402,0.13957,-211,1
1.1042,8.40728,-0.608772,0.13957,211,1
3.74758,-0.855387,1.53791,0.13957,211,1
1.46471,-1.30313,-1.79199,0.13957,211,1
0.602716,-0.406718,1.17084,0.13957,211,1
0.863222,0.936666,-1.76809,0.13957,-211,1
0.111695,-1.35365,1.44652,0.13957,211,1
1.60046,1.75137,-2.49359,0.13957,-211,1
0.943135,2.41872,3.01881,0.13957,211,1
0.0967848,2.19254,-0.661162,0.13957,211,1
0.897113,1.08418,-2.81864,0.13957,-211,1
0.921139,0.863648,-2.27219,0.49368,321,1
0.303023,0.508049,-2.415,0.13957,211,1
1.80243,0.292385,-2.1409,0.13957,-211,1
0.530046,0.158832,-2.68437,0.13957,-211,1
0.451791,-0.212768,-2.16978,0.13957,211,1
1.73897,-0.0583642,-2.74308,0.13957,-211,1
5.58543,0.0314151,-2.60677,0.13957,211,1
4.78806,-0.0266664,-2.71198,0.13957,-211,1
6.00346,-0.0967437,-2.73832,0.13957,-211,1
5.23923,-0.594255,-3.08067,0.13957,-211,1
5.03984,-0.789851,3.03934,0.49368,321,1
7.81835,-0.616433,3.06406,0.13957,-211,1
3.97307,-0.743573,2.98591,0.13957,211,1
22.8753,-0.750302,3.08856,0.13957,-211,1
7.04915,-0.708503,3.05505,0.13957,-211,1
6.13753,-0.744429,-3.1311,0.49368,321,1
0.227962,-1.59757,3.07279,0.13957,-211,1
0.639632,-0.751199,2.58613,0.13957,211,1
1.56439,-0.612916,1.48255,0.13957,-211,1
0.373006,0.393445,-2.60379,0.13957,211,1
0.995153,-0.64603,2.20969,0.13957,211,1
1.79378,-0.611383,0.70238,0.49368,-321,1
0.458701,-0.706576,1.89608,0.13957,-211,1
4.12005,-0.295914,1.16815,0.13957,211,1
0.68734,-1.26669,3.07956,0.13957,211,1
0.682123,-1.74318,1.24007,0.13957,-211,1
2.59017,-2.37419,2.56038,0.13957,-211,1
0.137973,-3.16118,2.54643,0.13957,211,1
2.01985,-2.35211,-2.99389,0.49368,-321,1
0.337163,-4.10359,0.503475,0.93957,2112,0
0.233236,-5.10685,-2.99697,0.93957,-2112,0
0.998982,-4.84122,0.82913,0.13957,211,1
0.182763,-5.45163,-1.23248,0.13957,-211,1
1.54348,-5.41032,0.34869,0.93827,2212,1
1.0143,-5.88442,1.00477,0.93827,-2212,1
0.511152,-3.05298,2.56637,0.13957,211,1
0.589983,1.82164,-0.938528,0.13957,-211,1
0.281224,1.74438,2.42743,0.13957,211,1
0.286217,2.64865,2.92465,0.13957,-211,1
1.11556,2.50311,-2.64428,0.13957,-211,1
0.407487,2.12362,3.12682,0.93957,-2112,0
1.48563,0.293023,1.88464,0.49368,-321,1
0.587845,0.526873,-1.12548,0.13957,211,1
0.41256,-1.4992,-2.93126,0.49368,321,1
1.06917,-0.633674,2.52959,0.49368,-321,1
0.224995,-2.22257,3.06258,0.13957,211,1
1.29289,-1.84579,2.63596,0.13957,-211,1
0.210173,-4.10844,0.707976,0.13957,211,1
0.323512,-4.63008,-2.74151,0.13957,-211,1
0.199222,-5.27674,2.81098,0.13957,-211,1
0.114104,-5.53967,-2.955,0.13957,211,1
0.953975,-1.66182,0.147586,0.93827,2212,1
0.785007,-1.81313,-0.81322,0.93827,-2212,1
0.390788,-0.273611,2.11891,0.13957,211,1
0.494917,1.41058,1.25321,0.13957,-211,1
0.683904,1.21272,0.177672,0.13957,211,1
0.925753,0.917711,1.22033,0.13957,-211,1
0.924406,1.48875,0.65334,0.13957,211,1
0.802024,4.26529,1.42305,0.49368,-321,1
0.727597,4.23614,2.33727,0.13957,211,1
1.0204,5.43146,-1.40532,0.49368,-321,1
0.33104,6.51556,-0.697192,0.93827,2212,1
0.124861,6.85462,-3.06114,0.93827,-2212,1
0.576573,0.321994,1.94107,0.13957,211,1
0.65236,-1.73402,-0.65753,0.13957,-211,1
0.517138,-6.66234,-0.0196949,0.13957,-211,1
0.363837,6.53922,1.50367,0.13957,211,1
1.07381,6.59962,-0.257535,0.13957,-211,1
4.65346,0.869517,-2.67577,0.13957,211,1
38.4956,-1.72981,0.220086,0.49761,130,0
8.48078,-1.28225,0.661381,0.13957,211,1
10.9338,-1.26415,0.672131,0.13957,211,1
2.97298,-1.30939,0.548445,0.13957,-211,1
0.0440341,7.85419,-2.62143,0.49368,321,1
0.380522,-3.21398,2.23797,0.13957,-211,1
0.934895,-4.30361,-0.726869,0.13957,211,1
0.607701,-1.51666,2.44247,0.13957,211,1
0.414225,-1.56962,0.431884,0.13957,-211,1
0.835005,-0.481301,0.469697,0.49761,130,0
0.09756,0.76872,-2.57047,0.13957,-211,1
0.110004,4.20312,-0.367448,0.49761,130,0
32.6653,-1.74251,0.221485,0.49368,-321,1
14.763,-1.75493,0.242686,0.13957,211,1
7.47922,-1.76303,0.205436,0.13957,211,1
23.7539,-1.73715,0.246804,0.13957,-211,1
14.0605,-1.71014,0.228529,0.13957,-211,1
10.6453,-1.73551,0.263507,0.13957,211,1
6.04775,-1.8027,0.314212,0.13957,-211,1
13.4634,-1.72488,0.281063,0.13957,211,1
17.8458,-1.71779,0.27474,0.13957,211,1
1.24097,-1.63125,0.399275,0.13957,-211,1
5.87107,-1.68779,0.170404,0.13957,-211,1
15.7609,-1.72737,0.278674,0.13957,211,1
4.97681,-1.55658,0.338876,0.93827,2212,1
10.1992,-1.21243,0.567942,0.93957,-2112,0
6.44215,-1.18754,0.646712,0.13957,-211,1
2.26861,-1.22798,0.608666,0.13957,211,1
26.5289,-1.26894,0.61754,0.13957,-211,1
0.157944,5.14903,-1.26312,0.13957,211,1
0.75128,7.05843,1.38275,0.93957,2112,0
0.150143,8.26928,2.15517,0.13957,-211,1
4.65453,-0.77922,1.59127,0.13957,211,1
0.408324,-1.03582,1.8474,0.13957,-211,1
0.458272,-0.757024,0.964296,0.13957,-211,1
1.1809,-1.69999,-2.19707,0.13957,211,1
0.117901,-0.660778,-2.25331,0.13957,-211,1
0.727652,-1.18587,-1.39575,0.49368,321,1
0.49603,-1.14437,-2.43105,0.13957,-211,1
1.03201,-1.18587,-1.71153,0.13957,-211,1
0.250848,1.06916,1.59811,0.13957,211,1
0.56714,1.71386,-2.48813,0.13957,-211,1
0.53772,1.60346,-2.08847,0.13957,211,1
0.344631,2.54493,2.96556,0.13957,-211,1
0.667957,1.30345,-2.60813,0.13957,211,1
0.578816,2.35442,-3.12356,0.13957,-211,1
0.142741,3.33164,-0.915432,0.13957,-211,1
0.755381,0.470152,-2.56172,0.49761,130,0
1.99522,0.839836,-2.73447,0.49761,130,0
3.07197,0.350142,-2.3393,0.49368,321,1
1.01998,0.344873,-1.99225,0.13957,-211,1
3.468,0.562796,-2.07922,0.49368,-321,1
3.00985,0.196104,-2.2973,0.49368,321,1
2.13569,0.619052,-2.26377,0.13957,-211,1
1.63077,0.4479,-2.29621,0.13957,211,1
7.892,-0.0364526,-2.60956,0.13957,211,1
1.02542,0.198431,-2.49322,0.13957,-211,1
1.91181,-0.211632,-2.40096,0.13957,211,1
0.66595,-1.27769,2.8439,0.13957,211,1
2.36469,-0.814691,-2.97757,0.13957,211,1
2.13701,-0.627908,2.9899,0.13957,-211,1
3.18744,-0.652612,-3.03368,0.13957,211,1
0.240375,-0.590268,-3.06192,0.13957,-211,1
2.75824,-0.621347,2.96859,0.13957,211,1
5.39477,-0.700551,-3.11998,0.13957,-211,1
14.7531,-0.700798,3.12637,0.13957,211,1
10.0954,-0.79163,3.02379,0.49761,130,0
0.253223,-0.177097,2.98326,0.13957,-211,1
0.806067,0.452743,0.899849,0.49761,130,0
0.731031,0.194001,1.2494,0.49368,321,1
0.200615,0.0648299,-0.634733,0.13957,-211,1
0.244189,-0.892972,0.260535,0.13957,211,1
2.10549,-0.184468,1.06776,0.13957,-211,1
3.38307,-0.287125,1.24364,0.13957,211,1
1.85574,-0.313344,0.942757,0.13957,-211,1
0.666744,0.217248,0.757502,0.13957,211,1
0.389685,-1.54842,-3.10862,0.13957,-211,1
0.466061,-1.05619,0.822832,0.13957,211,1
0.40872,-0.284419,0.352995,0.13957,-211,1
1.14524,-1.89594,2.39744,0.13957,211,1
3.57351,-2.78564,2.90975,0.13957,211,1
13.386,-2.70674,2.9179,0.13957,-211,1
4.83435,-2.55111,-3.03544,0.13957,211,1
3.69039,-2.38229,-2.91445,0.13957,-211,1
0.2799,-2.71313,2.98877,0.49368,321,1
2.82229,-2.81273,2.72886,0.49761,130,0
1.13379,-3.22241,-0.323171,0.13957,-211,1
0.846609,-4.69825,1.12497,0.93827,2212,1
0.180258,-3.62365,-0.459316,0.13957,211,1
0.391213,-4.27511,-2.14331,0.93827,-2212,1
0.118,-2.99441,0.401083,0.13957,-211,1
0.37144,-2.34176,0.881028,0.13957,211,1
0.635929,-2.21712,-1.26089,0.13957,-211,1
0.558944,1.68594,-1.41928,0.49368,321,1
0.249573,0.853371,-3.00518,0.13957,-211,1
0.289543,2.351,-2.9397,0.49368,-321,1
0.474768,2.2603,1.93648,0.13957,211,1
1.83554,3.35117,-1.80742,0.13957,211,1
0.336364,3.21889,2.16288,0.13957,211,1
0.666187,2.08204,2.56332,0.13957,-211,1
0.0677327,2.29179,1.30192,0.13957,211,1
0.319467,2.50402,-2.48293,0.93957,2112,0
0.17679,-0.345739,1.81186,0.13957,-211,1
0.199937,-0.570398,0.947043,0.13957,211,1
0.183295,-0.224655,-2.53157,0.13957,-211,1
0.509275,-0.937538,-2.97863,0.13957,211,1
0.295145,-2.28067,2.96952,0.13957,-211,1
0.60727,-1.5312,2.47673,0.13957,211,1
0.189274,-2.18591,-0.745173,0.13957,-211,1
0.467863,-2.40987,1.30236,0.13957,211,1
0.204607,-4.03931,-1.37849,0.13957,-211,1
0.951821,-4.13477,-2.36388,0.13957,211,1
0.399139,-3.17303,-2.51791,0.13957,-211,1
0.334729,-3.99774,0.991388,0.13957,211,1
0.502398,-5.17576,-2.6609,0.13957,-211,1
0.303126,-4.58916,1.89768,0.13957,211,1
1.24265,-4.32919,-0.118661,0.49368,321,1
0.487977,-3.61929,-1.15375,0.13957,-211,1
0.378675,-3.52462,1.70459,0.13957,-211,1
0.628302,-1.07614,-0.112832,0.13957,211,1
0.411466,0.885176,1.10441,0.13957,211,1
0.495709,1.28829,-0.70074,0.13957,-211,1
1.18266,2.43211,0.674197,0.49368,321,1
0.378925,2.17983,1.68628,0.13957,-211,1
0.179378,-4.73407,0.305948,0.93957,2112,0
0.396859,-2.36861,1.78449,0.13957,211,1
0.0948621,-7.76291,1.30619,0.93957,-2112,0
0.156361,2.60098,-2.8031,0.49761,130,0
1.27431,-0.0275892,2.25789,0.49761,130,0
0.439928,5.11729,0.657307,0,22,0
0.746356,5.1884,0.432264,0,22,0
27.9781,0.917426,-2.68466,0.13957,211,1
15.2185,0.902086,-2.684,0.13957,-211,1
0.267249,0.898395,-2.78244,0,22,0
25.2341,0.934433,-2.70342,0,22,0
2.51088,0.94593,-2.71588,0,22,0
5.07919,0.901852,-2.67845,0,22,0
5.45488,0.926056,-2.66998,0,22,0
3.77714,0.924841,-2.72748,0.13957,211,1
10.093,0.89328,-2.66965,0.13957,-211,1
0.788989,1.20428,-2.73235,0,22,0
1.73753,0.758339,-2.86189,0,22,0
1.26618,0.912165,-2.58289,0,22,0
2.73356,0.920463,-2.65498,0,22,0
0.0909812,0.609471,-3.02498,0,22,0
0.932768,0.733937,-2.57489,0,22,0
1.01232,-1.82144,0.307195,0,22,0
25.3332,-1.81662,0.28098,0,22,0
0.0184586,0.061163,-1.47077,0,22,0
0.0360904,-1.43376,0.970497,0.000511,11,1
0.12187,-1.41396,1.06246,0.000511,-11,1
1.5165,-1.1325,0.460299,0,22,0
0.474214,-1.22102,0.592659,0,22,0
0.116171,-1.33628,0.0866517,0,22,0
0.401424,4.41024,2.84536,0,22,0
0.237635,4.14253,-1.29999,0,22,0
0.397115,2.46153,1.74569,0,22,0
0.410262,1.92905,3.09054,0,22,0
0.467136,-5.53612,1.11051,0,22,0
0.180167,-5.69168,0.668474,0,22,0
0.164395,2.145,-1.9188,0,22,0
0.105861,1.71573,-0.95463,0,22,0
4.13112,-1.53772,0.475704,0,22,0
1.75604,-1.54318,0.425882,0,22,0
0.581176,-1.28338,1.0538,0.13957,211,1
0.476203,-1.49294,0.122759,0.13957,-211,1
0.246634,-1.81985,0.71531,0,22,0
0.0878164,-1.4536,0.552415,0.000511,11,1
0.354209,-1.46131,0.520042,0.000511,-11,1
0.0826386,0.680574,-0.00871255,0,22,0
0.0886051,-0.118532,1.46944,0,22,0
0.323089,7.34706,0.0253413,0.13957,211,1
0.405912,6.45534,1.0194,0.13957,-211,1
0.206492,0.106546,-2.92375,0.13957,211,1
0.120605,1.57075,-1.99561,0.13957,-211,1
4.52129,2.1895,-2.76089,0,22,0
1.72346,2.0708,-2.91728,0,22,0
1.74405,1.99924,-2.69996,0,22,0
0.755564,2.11318,-2.72876,0,22,0
0.816215,0.261058,-2.06873,0,22,0
0.438775,0.382775,-1.8786,0,22,0
0.216903,0.392714,-2.94796,0,22,0
0.160215,0.600892,-2.23986,0,22,0
0.552684,-0.153725,-1.5901,0,22,0
0.0160107,0.611155,-0.300572,0,22,0
3.87018,0.0521785,-2.74966,0,22,0
1.66674,0.0977173,-2.77705,0,22,0
0.904944,0.106854,-2.33593,0,22,0
0.962077,-0.021817,-2.26998,0,22,0
5.13845,-0.0324472,-2.68823,0,22,0
11.472,-0.0230199,-2.67339,0,22,0
3.98348,-0.0232303,-2.6153,0.13957,211,1
3.86752,-0.0724101,-2.69501,0.13957,-211,1
0.621331,0.0533978,-2.61687,0,22,0
1.03913,-0.104761,-2.56072,0,22,0
0.220509,-1.23388,2.72896,0,22,0
0.034314,-2.48307,-2.73552,0,22,0
1.01604,-0.194246,-2.89656,0.13957,211,1
0.573736,-0.492436,-3.01292,0.13957,-211,1
0.701085,-0.91397,-2.85118,0,22,0
0.574077,-0.827033,-3.04566,0,22,0
1.84153,-0.813527,3.12601,0,22,0
3.59836,-0.8654,3.13363,0,22,0
0.276695,-0.4576,-3.11922,0,22,0
3.0068,-1.0405,3.05784,0,22,0
0.751719,-0.576751,3.09264,0.13957,211,1
0.652357,-0.55031,-2.80054,0.13957,-211,1
0.37757,-0.630203,-2.88387,0,22,0
2.23153,-0.562999,-2.75299,0,22,0
0.122178,-0.923524,2.84685,0.13957,211,1
0.324104,-1.42232,2.23281,0.13957,-211,1
0.840524,-2.15911,-2.77082,0,22,0
0.128043,-1.91883,2.32878,0,22,0
0.178406,-2.78367,2.28603,0,22,0
0.358754,-1.89337,3.11191,0,22,0
0.462558,-1.75883,-2.86734,0,22,0
0.120199,-1.43118,-2.37692,0,22,0
0.159421,-1.91001,-1.5025,0,22,0
0.190967,-2.9876,0.908183,0.13957,211,1
0.478397,-3.5757,1.47095,0.13957,-211,1
0.348023,-5.04113,0.243629,0.13957,211,1
0.251146,-5.17876,-1.62956,0.13957,-211,1
0.531532,-5.48982,1.30472,0,22,0
0.0173586,-4.18254,1.21508,0,22,0
0.16483,-5.04906,0.7119,0,22,0
0.384012,-5.22926,0.201108,0,22,0
0.0590581,-3.90442,1.67891,0.13957,211,1
0.292435,-4.3098,1.88147,0.13957,-211,1
0.143486,3.12538,0.694277,0.13957,211,1
0.34479,3.01617,2.59821,0.13957,-211,1
0.456315,2.74213,-1.88527,0.13957,211,1
0.177324,3.86728,-2.76059,0.13957,-211,1
0.0182641,2.99786,-1.60865,0,22,0
0.41514,1.94113,-0.461173,0,22,0
0.612344,1.62115,-3.00956,0.13957,211,1
1.81072,1.94028,-3.03428,0.13957,-211,1
0.00119542,-2.74304,-1.59947,0,22,0
0.278997,1.29267,-1.7656,0,22,0
1.31424,1.13039,-2.92199,0,22,0
0.0526414,1.51972,3.02822,0,22,0
0.340393,-0.106281,-0.127092,0,22,0
0.238321,-0.563563,-0.018336,0,22,0
0.059612,-0.641349,2.19021,0.13957,211,1
0.216378,0.03986,-2.86862,0.13957,-211,1
0.14747,1.23192,2.46827,0,22,0
0.11143,0.908764,0.0886975,0,22,0
0.408322,-0.781605,-2.00029,0,22,0
0.213294,0.166252,2.8556,0.13957,211,1
0.0214036,0.717003,1.23268,0.13957,-211,1
0.0251439,-4.31738,-0.268886,0,22,0
0.107429,-2.80417,3.00107,0,22,0
0.528727,-3.86629,-2.87061,0,22,0
0.0630897,-3.41935,2.81812,0,22,0
1.31638,-4.61753,-2.93264,0,22,0
0.124979,-5.65028,-0.450169,0,22,0
0.320124,-5.00946,-0.625016,0,22,0
0.262515,-3.48679,-1.36869,0,22,0
1.93368,-3.36191,-1.22617,0,22,0
0.723502,-2.52422,-0.0891103,0.13957,211,1
0.247739,-2.56294,0.0237497,0.13957,-211,1
0.195584,-2.20444,-2.50494,0.13957,211,1
0.245981,-2.31583,2.69378,0.13957,-211,1
0.352191,-1.27017,-0.459468,0,22,0
0.361546,-1.15482,-0.821673,0,22,0
0.412352,0.463196,-0.957769,0,22,0
0.0180827,-0.863673,-0.306851,0,22,0
0.169035,0.384555,1.01408,0,22,0
0.400035,-0.117487,1.12394,0,22,0
1.48779,1.12211,0.715014,0,22,0
1.3674,1.347,0.747795,0.13957,211,1
0.393398,1.09766,0.790975,0.13957,-211,1
0.859603,2.48692,-0.0611369,0,22,0
0.210257,2.24148,-0.262128,0,22,0
0.296056,2.01993,-0.260187,0.13957,211,1
0.0825478,2.86977,0.761458,0.13957,-211,1
0.45329,2.70378,-1.90016,0,22,0
0.386511,2.38269,-1.8988,0,22,0
0.30449,-0.994533,1.12434,0.13957,211,1
0.158139,-1.51193,2.14145,0.13957,-211,1
0.0973717,-3.58213,1.77944,0,22,0
0.0434286,-4.24204,-0.981745,0,22,0
0.335243,-5.41925,1.78914,0,22,0
0.0404614,-5.76605,0.618053,0,22,0
0.192183,-5.41505,2.32146,0,22,0
0.0758274,-6.472,2.48017,0,22,0
3.83544,0.904228,-2.69186,0,22,0
27.3633,0.913323,-2.68232,0,22,0
8.91871,-1.34122,0.622757,0,22,0
6.08903,-1.32814,0.635578,0,22,0
0.0642544,3.93402,-2.28774,0,22,0
0.108795,3.4383,2.24595,0,22,0
0.165734,-4.9156,-0.993645,0,22,0
0.0780357,-4.12526,-1.8899,0,22,0
0.104068,-3.62337,-0.874802,0,22,0
0.185155,-2.68857,-0.796081,0,22,0
8.84572,-1.78579,0.296983,0,22,0
2.57005,-1.78794,0.268754,0,22,0
0.585243,-1.87777,0.349848,0,22,0
1.36694,-1.73535,0.399424,0,22,0
4.31907,-1.75355,0.277844,0,22,0
2.27164,-1.79329,0.294496,0,22,0
7.54385,-1.77341,0.352574,0,22,0
5.04019,-1.76082,0.370482,0,22,0
2.40778,-1.33783,0.45355,0,22,0
0.136488,-1.24097,0.23854,0,22,0
0.485238,6.66634,-2.18114,0,22,0
0.170038,7.12187,-2.08261,0,22,0
0.109906,-2.20279,2.797,0,22,0
0.0159812,-4.31855,-0.553275,0,22,0
0.0920313,2.33545,2.96427,0,22,0
1.00478,2.40566,-2.87704,0,22,0
0.0488232,1.80203,3.11435,0,22,0
1.61986,2.13594,-2.82385,0,22,0
0.137558,1.46123,-1.92849,0,22,0
0.455989,1.50212,-2.47257,0,22,0
1.70601,0.861285,-2.80899,0.13957,211,1
4.26429,0.918392,-2.67689,0.13957,-211,1
2.07416,0.945644,-2.79835,0,22,0
0.236254,1.06443,-2.64637,0,22,0
0.709268,0.896275,-1.91387,0.13957,211,1
1.2384,0.925625,-2.34712,0.13957,-211,1
1.22855,-0.0822385,-2.14845,0,22,0
0.335288,-0.0827464,-1.93775,0,22,0
0.200291,0.181993,-2.88198,0,22,0
0.180412,0.417382,-2.19905,0,22,0
1.12895,0.429038,-2.06773,0,22,0
0.222948,0.354681,-2.32702,0,22,0
0.802364,0.375618,-2.59244,0,22,0
0.688052,0.234042,-2.47869,0,22,0
0.0503576,0.426522,-2.45819,0,22,0
0.304536,-0.600379,-2.65224,0,22,0
0.705759,-0.120131,-2.64748,0,22,0
1.77279,-0.0299711,-2.62251,0.000511,11,1
1.18714,-0.0305461,-2.6223,0.000511,-11,1
0.33525,-0.510205,-2.84764,0,22,0
0.502475,-0.52509,-2.51761,0,22,0
1.43045,-0.935923,3.11088,0.13957,211,1
2.03865,-0.744124,-3.02741,0.13957,-211,1
0.75474,-0.538455,3.00952,0,22,0
0.708661,-0.699142,2.919,0,22,0
3.10908,-0.776941,-3.10187,0,22,0
0.579897,-0.789642,3.08156,0,22,0
0.122105,-1.00559,2.92205,0,22,0
1.5633,-0.749031,3.09333,0,22,0
2.56118,-0.696882,-3.13912,0.13957,211,1
6.51864,-0.712981,3.05029,0.13957,-211,1
3.29945,-0.793656,-3.07453,0.13957,211,1
3.46355,-0.698704,3.1323,0.13957,-211,1
0.332159,-0.406871,1.87536,0,22,0
1.0013,-0.451092,1.64501,0,22,0
0.488097,-1.22204,1.7729,0.13957,211,1
0.337356,-1.23003,0.716881,0.13957,-211,1
2.10724,0.158184,1.42542,0,22,0
0.0392931,0.602042,1.28467,0,22,0
0.0332039,-2.02927,0.728036,0,22,0
0.302637,-0.774914,0.877452,0,22,0
0.155977,-0.717326,-2.75372,0,22,0
0.361141,-0.459475,3.01734,0,22,0
0.0852386,-0.18743,2.42115,0,22,0
0.32857,-0.930788,2.15193,0,22,0
1.71106,-2.12014,2.7185,0,22,0
1.07359,-2.06816,2.80347,0,22,0
0.222735,-3.24122,-2.0989,0,22,0
0.109262,-2.78879,-2.8517,0,22,0
0.222325,-3.03046,-2.89895,0,22,0
0.177461,-3.68208,-2.75065,0,22,0
0.374661,2.70493,-2.09345,0,22,0
0.0664716,2.18383,-1.40634,0,22,0
0.334603,2.26683,-1.8647,0,22,0
0.89037,2.4448,-2.03636,0,22,0
0.11273,1.31863,-1.40343,0,22,0
0.233491,2.10913,-1.58832,0,22,0
0.364995,1.06302,-2.77498,0,22,0
0.112785,0.745545,2.91567,0,22,0
0.45012,-0.80796,1.45116,0,22,0
0.0357944,-0.213398,0.544788,0,22,0
0.405773,-3.55768,2.65698,0,22,0
0.10096,-3.83359,2.04053,0,22,0
0.00566326,-4.3117,-2.00669,0,22,0
0.493614,-2.20009,-2.37623,0,22,0
0.197055,-6.24972,1.64084,0,22,0
0.0692168,-5.15074,1.67915,0,22,0
0.235061,-4.42157,-0.549413,0,22,0
0.0215824,-3.96424,1.78185,0,22,0
0.201929,-3.82277,-0.821893,0,22,0
0.0785313,-4.61812,-0.112642,0,22,0
0.226218,-2.00562,-1.04978,0,22,0
0.222767,-1.6332,-0.574969,0,22,0
0.118311,2.46421,1.8854,0,22,0
0.0870253,2.68698,0.455192,0,22,0
0.0695935,4.52541,1.24949,0.13957,211,1
0.584188,3.96357,3.02949,0.13957,-211,1
0.079669,-5.21964,-1.65754,0,22,0
0.141514,-6.33774,-1.17312,0,22,0
1.20821,0.777047,-2.82282,0.13957,211,1
0.611716,0.758232,-2.35343,0.13957,-211,1
12.0613,0.894237,-2.69396,0,22,0
3.32113,0.885714,-2.67441,0,22,0
1.14242,-1.43439,0.545796,0.49368,321,1
0.487028,-1.32206,0.477902,0.13957,-211,1
0.850828,-1.26677,0.290888,0,22,0
0.10321,-1.69661,0.431934,0,22,0
0.0923816,3.49482,3.1192,0,22,0
0.0876926,2.63253,-1.8675,0,22,0
0.130812,3.87999,1.84478,0,22,0
0.0364744,2.52713,-3.02242,0,22,0
0.0377761,2.28192,-0.662657,0,22,0
0.157072,3.17958,-2.33826,0,22,0
0.063054,5.3239,1.32699,0,22,0
0.0262872,7.6939,2.99861,0,22,0
8.95398,-0.931732,1.5612,0.49761,130,0
0.220223,-0.054942,0.949255,0,22,0
0.0181179,-1.21993,3.07191,0,22,0
7.11656,0.866887,-2.70514,0,22,0
0.0283264,1.16151,-2.65084,0,22,0
4.60364,0.823417,-2.73333,0,22,0
1.52501,0.843941,-2.6867,0,22,0
2.10148,0.883449,-2.74094,0,22,0
2.1909,0.82308,-2.72329,0,22,0
3.3809,-0.105851,-2.62229,0,22,0
1.62296,-0.159021,-2.6001,0,22,0
0.484195,-0.404018,-2.86702,0,22,0
0.375415,-0.139025,-2.69476,0,22,0
0.177419,-0.563175,-2.02964,0,22,0
0.0661249,-1.66853,-2.48253,0,22,0
0.429379,-0.52211,-3.04649,0,22,0
0.74832,-0.539824,2.99867,0,22,0
0.742719,-0.28337,3.04064,0,22,0
0.540149,-0.494393,3.01383,0,22,0
0.289031,-0.673922,-3.06714,0,22,0
0.527175,-0.600415,2.87652,0,22,0
0.208402,-0.530368,1.8364,0,22,0
0.318513,-0.315136,1.35427,0,22,0
1.42384,-2.23873,2.86367,0,22,0
0.14278,-2.24028,2.56317,0,22,0
0.0628997,-3.4697,1.71853,0,22,0
0.375072,-2.78683,2.26142,0,22,0
0.0397537,-4.95059,3.06979,0,22,0
0.114404,-4.05303,0.889505,0,22,0
0.0562359,-5.0691,3.04177,0,22,0
0.136364,-5.33789,1.31879,0,22,0
0.0949336,3.61024,-0.436405,0,22,0
0.0939693,2.28216,-0.496328,0,22,0
0.328415,2.70736,-0.847483,0,22,0
0.0160812,2.86707,3.07238,0,22,0
0.222424,2.10054,-1.95854,0,22,0
0.0344347,2.42845,-0.252168,0,22,0
0.130645,3.24856,-1.46847,0,22,0
0.0464117,2.41945,3.10491,0,22,0
0.0478725,3.66306,-0.20973,0,22,0
0.0545547,3.09102,-3.08963,0.000511,11,1
0.0209444,2.44168,0.684919,0.000511,-11,1
0.688517,2.12288,-2.99461,0,22,0
1.17649,1.97306,-2.99276,0,22,0
0.0891501,-0.395676,-2.23759,0,22,0
0.333049,-0.615557,-1.46693,0,22,0
0.121991,-3.45362,2.79442,0,22,0
0.0371597,-3.24756,-0.193989,0,22,0
0.795359,-2.46863,0.189138,0,22,0
0.0731931,-2.81208,0.633055,0,22,0
0.0337279,-3.47597,-1.42441,0,22,0
0.0206694,-0.288038,1.33446,0,22,0
0.185229,0.818578,0.66358,0,22,0
0.116962,-0.0600487,0.529207,0,22,0
0.505288,0.0185786,0.691058,0,22,0
0.276413,0.135424,1.03448,0,22,0
0.140702,0.0314339,0.571263,0,22,0
0.231248,0.102408,1.33459,0,22,0
0.134125,-0.140454,0.238666,0,22,0
0.235865,0.601154,0.255017,0,22,0
1.50358,1.55275,0.608204,0,22,0
0.0223026,2.02514,1.17801,0,22,0
0.108049,2.06018,0.596933,0,22,0
0.906169,2.44612,0.408836,0,22,0
0.0702212,4.80429,2.05432,0,22,0
0.207784,3.74812,2.21441,0,22,0
0.0907572,3.74589,2.86974,0,22,0
0.294993,3.99623,2.06214,0,22,0
0.382382,4.40341,1.83594,0,22,0
0.0589233,4.67298,0.949581,0,22,0
0.0405725,0.211082,2.02119,0,22,0
0.147757,0.520173,-0.0405395,0,22,0
0.0364328,-4.44453,2.09636,0,22,0
0.216956,-3.16072,2.75443,0,22,0
0.121261,-4.11554,-1.14955,0,22,0
0.0392566,-5.42725,-2.64303,0,22,0
2.75498,0.324059,-2.08621,0,22,0
0.362242,0.340716,-1.95202,0,22,0
1.84736,0.350618,-2.21838,0,22,0
0.206639,0.544117,-2.31926,0,22,0
0.367417,-2.54342,2.82797,0,22,0
0.0230143,-2.68439,-3.1233,0.000511,11,1
0.343346,-2.67899,-3.11104,0.000511,-11,1
2.25643,-2.62051,2.69822,0,22,0
0.144476,-2.45947,2.87135,0,22,0
0.116652,4.11408,2.94622,0,22,0
0.0972751,4.29206,-1.98088,0,22,0
0.0843935,5.77052,-1.22377,0,22,0
0.283884,5.03118,-1.66142,0,22,0
0.16426,-0.866274,-1.67734,0,22,0
0.0143868,-3.12658,-1.53764,0,22,0
0.809656,-1.6589,-1.92336,0,22,0
0.401586,-1.86521,-1.80788,0,22,0
0.182425,0.134553,-2.67898,0,22,0
0.0556028,-0.289753,-1.30268,0,22,0
0.41949,0.215274,-2.08194,0,22,0
1.12066,0.389577,-1.99081,0,22,0
0.817382,-3.85464,0.572791,0,22,0
0.0342991,-4.25228,1.28768,0,22,0
0.0932378,-3.8189,1.7049,0,22,0
0.0209869,-5.91421,-0.42453,0,22,0
0.0601858,3.17961,1.2818,0,22,0
0.259171,3.50069,2.3656,0,22,0
0.526954,3.84906,1.49482,0,22,0
0.54586,3.71994,1.71121,0,22,0
0.277863,-1.36972,0.390527,0.13957,211,1
0.287906,-0.978859,0.919739,0,22,0
0.318727,-1.01141,0.4716,0,22,0
0.609738,-1.08818,0.70298,0,22,0
0.0920994,-1.64797,0.649932,0,22,0
0.862376,-1.2779,0.722064,0.13957,-211,1
0.224788,-1.13956,0.440738,0,22,0
0.955954,-1.41948,0.363795,0,22,0
0.794879,-1.4327,0.221937,0.13957,211,1
0.163854,-1.96477,0.791521,0.13957,-211,1
0.976211,-0.704487,1.5393,0.13957,211,1
3.37522,-0.83715,1.49082,0.13957,-211,1
0.558564,-0.900722,1.46887,0,22,0
0.134129,-0.509317,1.76666,0,22,0
6.15487,-0.764751,1.50556,0.49368,321,1
3.0939,-0.759072,1.70806,0.13957,-211,1
7.59272,-0.866124,1.48966,0.13957,-211,1
0.112554,-1.01632,1.20756,0,22,0
0.955792,-0.771764,1.53962,0,22,0
1.65214,-1.40546,0.78067,0.13957,211,1
1.12732,-1.30895,0.504277,0.13957,-211,1
1.67305,-0.918926,0.125856,0.49761,130,0
0.270713,-1.03858,0.618902,0,22,0
0.399944,-1.20614,0.995473,0,22,0
1.56012,-1.05245,1.53548,0.49761,130,0
0.271013,-1.01001,1.28091,0,22,0
0.243962,-0.492709,1.32498,0,22,0
3.6787,-0.849828,1.45194,0,22,0
0.770792,-0.913832,1.50019,0,22,0
2.51703,-1.28231,0.317456,0.13957,211,1
0.307398,-1.10622,0.355048,0.13957,-211,1
183.115.

