3.40251,-3.02131,2.86931,0.49368,-321,1
2.96474,-2.99047,2.76819,0.49368,321,1
7.19636,-0.726237,-2.6009,0.13957,211,1
1.04261,5.83217,2.80686,0.49368,-321,1
1.50779,4.77105,2.33954,0.13957,211,1
0.990268,4.87128,1.81141,0.13957,-211,1
1.62017,-3.39399,3.12309,0.13957,-211,1
3.58877,-3.50402,2.87749,0.13957,211,1
2.41362,-1.0258,1.72776,0.93827,2212,1
3.86755,-0.969942,1.75837,0.93827,-2212,1
1.09122,-1.78165,1.5728,0.13957,211,1
2.02546,-1.27202,1.33283,0.13957,-211,1
35.7782,-1.00449,-2.47621,0.13957,211,1
0.509484,-5.05076,-3.1164,0.49368,-321,1
0.539461,-4.41958,2.88821,0.49368,321,1
0.207179,-0.953796,-2.30068,0.13957,-211,1
1.02993,-1.06111,-1.96781,0.13957,-211,1
2.33058,-1.05151,0.91609,0.13957,211,1
5.50242,-1.04152,0.882759,0.13957,211,1
0.259837,-2.3141,1.85285,0.13957,-211,1
0.0931445,-1.7103,-0.257914,0.13957,211,1
1.97583,-0.952573,-2.94673,0.13957,-211,1
0.74023,-0.390009,1.95477,0.49368,-321,1
0.375702,1.13125,1.09393,0.13957,-211,1
2.16578,0.228448,1.75925,0.93957,2112,0
1.48222,0.931081,1.71694,0.93957,-2112,0
0.278037,0.884037,-0.217033,0.13957,-211,1
0.835833,-0.231986,1.59634,0.13957,211,1
0.649448,1.72272,2.72144,0.13957,-211,1
0.352106,1.3687,-0.996015,0.13957,211,1
1.14192,-0.361968,-2.28907,0.49368,-321,1
17.142,-1.05306,-2.45171,0.13957,-211,1
17.8977,-0.998033,-2.45209,0.13957,211,1
12.161,-1.01532,-2.47595,0.13957,-211,1
0.782069,5.65523,1.10419,0.13957,211,1
0.327481,6.54354,-2.7408,0.93957,2112,0
1.08283,5.3024,3.05242,0.93827,-2212,1
0.276769,5.07228,-1.36096,0.13957,211,1
0.680672,4.34557,-2.59711,0.13957,-211,1
1.52683,6.57219,0.182419,0.13957,211,1
1.77848,6.20406,0.159326,0.93957,2112,0
1.09636,4.82305,0.324693,0.93827,-2212,1
0.794941,2.79002,-1.2142,0.13957,211,1
0.142749,-1.10227,2.04556,0.13957,-211,1
0.424708,0.912071,1.34013,0.13957,211,1
0.236021,5.55073,2.62015,0.13957,-211,1
0.292134,4.85839,-1.4283,0.13957,211,1
0.537496,0.0715577,-2.00808,0.13957,-211,1
0.242397,-0.512281,-0.677937,0.13957,211,1
1.65868,-1.99228,0.395945,0.13957,211,1
0.878947,-1.83397,-0.160731,0.13957,-211,1
2.31867,-3.76414,0.720649,0.93827,2212,1
0.87544,-3.90075,0.0213749,0.93957,-2112,0
1.03418,-4.60072,-2.10364,0.49368,-321,1
0.457259,-2.57888,1.91776,0.13957,211,1
2.57085,-3.39529,2.33292,0.49368,-321,1
0.224447,-1.78575,2.83462,0.13957,-211,1
0.156589,-0.827018,0.75434,0.13957,211,1
5.42943,-0.871004,1.34061,0.13957,-211,1
11.6212,-1.02454,1.18323,0.13957,211,1
2.82421,-1.01028,1.25214,0.13957,-211,1
7.16326,-0.978473,1.11287,0.49368,321,1
20.573,-1.0627,1.18744,0.49368,-321,1
6.18882,-1.07226,1.10367,0.13957,-211,1
2.76128,0.402248,1.38847,0.93827,2212,1
2.94846,0.628319,1.38423,0.93827,-2212,1
2.41778,0.576264,1.13496,0.93827,2212,1
1.70887,0.416581,1.46015,0.93827,-2212,1
1.72239,1.13637,0.409705,0.13957,211,1
37.858,0.978569,0.354543,0.93827,2212,1
121.644,0.982206,0.354348,0.93957,-2112,0
200.57,0.976204,0.347016,0.13957,211,1
2.22106,3.15624,-0.872319,0.13957,211,1
0.654622,3.54851,-1.00671,0.49368,-321,1
0.878494,3.34648,-0.638215,0.13957,211,1
0.854799,2.8283,-2.43851,0.13957,211,1
0.616249,2.93923,-1.59113,0.93957,2112,0
1.25338,1.57615,-2.27374,0.93827,-2212,1
0.631877,1.14209,2.67993,0.13957,211,1
0.699328,1.32397,-1.80956,0.49368,-321,1
1.77965,1.08721,-2.43447,0.49368,321,1
2.0089,0.9006,2.87647,0.49368,-321,1
1.57878,0.646097,2.87831,0.13957,211,1
0.516216,0.826068,2.33444,0.13957,-211,1
0.271023,1.61562,-2.63967,0.49368,321,1
0.282102,0.0967307,0.352673,0.13957,-211,1
0.386715,-0.691162,2.95091,0.13957,-211,1
0.151234,6.41707,2.52716,0.13957,211,1
1.35799,6.13081,-2.50319,0.13957,-211,1
0.334428,4.80999,1.83269,0.13957,211,1
1.01128,-0.601968,-1.9111,0.13957,-211,1
0.583631,-1.95419,-2.19413,0.13957,211,1
0.411331,-3.44675,0.720586,0.13957,-211,1
0.613271,-6.36979,1.52831,0.13957,-211,1
0.566296,-6.5915,-2.24419,0.13957,211,1
0.849248,-3.15041,2.86217,0.13957,211,1
0.671534,-1.30381,0.0172591,0.13957,-211,1
0.229493,-2.12807,0.357298,0.13957,211,1
0.776803,0.164157,-0.344907,0.13957,-211,1
0.148463,3.11436,1.38339,0.13957,211,1
0.677488,3.48004,2.00943,0.13957,-211,1
0.25813,2.57974,-1.6727,0.13957,211,1
1.43052,6.41468,-0.321113,0.13957,-211,1
0.590709,-3.09254,-2.96542,0.13957,-211,1
0.35782,-0.455941,1.83951,0.49368,-321,1
0.375644,1.78223,-0.593473,0.13957,-211,1
0.283561,0.85807,-2.49219,0.13957,211,1
0.351775,2.12265,-0.00606212,0.93957,2112,0
0.299754,2.90311,-2.42338,0.93957,-2112,0
0.284416,4.11307,2.09992,0.13957,-211,1
0.691895,4.79957,-3.07137,0.13957,-211,1
0.391125,-6.84124,-0.969432,0.93827,2212,1
0.856981,-4.82894,-1.68393,0.49368,-321,1
0.123407,-5.1516,-1.09721,0.13957,-211,1
0.6164,-3.60975,1.52794,0.13957,211,1
0.179984,-1.88065,0.834142,0.13957,-211,1
0.426959,1.21065,-1.55312,0.13957,-211,1
0.0625868,3.59461,1.01279,0.13957,211,1
0.24909,4.33248,2.18404,0.93957,2112,0
0.316847,4.77294,0.00471812,0.93957,-2112,0
0.146762,4.09825,1.50479,0.13957,-211,1
1.19076,5.84911,-2.79671,0.13957,211,1
1.07276,-6.42953,0.120285,0.49368,-321,1
0.700476,-5.34093,-0.301292,0.13957,211,1
0.394818,-1.96075,1.17085,0.13957,-211,1
0.132385,-1.13705,-0.269565,0.13957,211,1
0.199412,-0.833768,0.637665,0.13957,-211,1
0.76256,0.663445,-2.95739,0.13957,211,1
0.3194,1.14232,1.94614,0.93957,2112,0
0.531298,1.11462,-0.740061,0.93827,-2212,1
0.370827,-0.0217245,2.0611,0.13957,211,1
0.269762,1.86212,-1.50081,0.13957,-211,1
0.550474,5.12053,-1.33459,0.49368,-321,1
2.38587,4.20555,1.55662,0.93827,2212,1
1.7302,4.58464,1.08023,0.93957,-2112,0
1.47223,3.54112,2.04643,0.13957,-211,1
0.557973,2.29262,2.61666,0.13957,211,1
1.21901,3.27931,2.03206,0.93957,2112,0
1.97695,2.59651,2.33943,0.93957,-2112,0
2.2405,2.31313,-3.00207,0.13957,211,1
1.35277,2.13764,3.00356,0.13957,211,1
0.301034,-0.218975,-0.635914,0.13957,211,1
0.546803,-4.22189,1.9412,0.13957,211,1
0.661054,-5.34971,-2.38506,0.13957,-211,1
0.425575,-6.05404,1.50428,0.93827,2212,1
1.17923,-5.93535,2.75839,0.49368,-321,1
0.0734181,-6.67993,0.862603,0.13957,211,1
0.134119,7.48165,-1.23868,0.49368,321,1
0.258863,5.31549,1.8951,0.13957,-211,1
0.413659,-3.38387,2.99614,0.49761,130,0
15.2255,-0.980388,-2.48083,0.13957,-211,1
0.353295,-3.47513,2.94759,0.49368,321,1
3.05959,-1.26765,-2.52668,0.13957,211,1
1.85216,-1.11438,-2.95987,0.13957,211,1
0.353572,-1.57425,-1.58369,0.49368,321,1
1.12221,-1.02153,0.630773,0.13957,-211,1
0.0526589,-1.23388,1.32157,0.13957,211,1
1.90702,-0.959608,1.00977,0.13957,-211,1
6.35492,-1.06446,-2.77478,0.49761,130,0
0.234208,-0.252208,2.42711,0.13957,211,1
1.50269,0.0320986,1.96569,0.13957,211,1
0.125542,1.41617,1.66794,0.13957,211,1
0.491439,-0.0151062,-1.73014,0.13957,-211,1
0.90527,2.06496,-1.58322,0.13957,-211,1
0.550385,1.20331,-1.60081,0.13957,211,1
1.51317,-0.213013,-1.74982,0.49368,321,1
0.984619,-0.510313,-2.21248,0.13957,211,1
13.7008,-0.982749,-2.42281,0.13957,211,1
36.6687,-1.0158,-2.44852,0.13957,-211,1
0.492688,2.88922,1.6512,0.13957,211,1
0.755548,2.94656,2.26939,0.93957,2112,0
1.77102,3.19334,0.76177,0.93957,-2112,0
0.352391,3.44759,1.55593,0.13957,-211,1
1.20752,2.81933,0.714836,0.93957,2112,0
0.13464,2.66313,-1.7191,0.13957,211,1
0.97834,2.58638,0.0640758,0.13957,-211,1
0.650611,3.13535,0.00241448,0.93957,-2112,0
0.399043,2.38296,0.147162,0.13957,211,1
0.20467,2.77298,0.762637,0.13957,211,1
1.40471,2.12072,-0.244832,0.13957,-211,1
0.543667,0.945102,-2.01393,0.13957,211,1
0.551547,-0.126104,1.2584,0.13957,211,1
0.607505,-0.874213,0.326253,0.13957,-211,1
0.353298,-1.29557,-2.02334,0.13957,-211,1
0.0995072,4.96869,-1.05645,0.13957,211,1
1.57587,5.03444,-2.23993,0.13957,-211,1
0.497346,4.2904,-1.91713,0.13957,-211,1
0.309499,6.0957,-1.17934,0.13957,211,1
0.691629,0.279219,-3.01787,0.13957,211,1
0.307557,-1.17388,-3.09702,0.13957,-211,1
0.645325,-1.45123,-3.1324,0.13957,-211,1
0.141802,-2.20347,1.44762,0.13957,211,1
0.131932,-3.31656,-1.11051,0.13957,-211,1
1.15575,-1.15398,0.750098,0.49368,321,1
0.276542,-1.83623,-0.0359093,0.13957,-211,1
0.496619,-6.44916,-0.418707,0.13957,-211,1
0.517679,-6.42671,-3.13356,0.13957,211,1
0.547336,-4.67892,0.152453,0.49761,130,0
0.405937,-3.18423,3.06983,0.13957,211,1
0.720239,-3.73718,-1.3483,0.13957,-211,1
0.201446,-2.60973,-0.705446,0.13957,211,1
2.4809,-3.06455,1.57431,0.13957,-211,1
0.786256,-2.86641,2.72167,0.13957,211,1
1.01139,-3.52469,2.36338,0.49368,-321,1
0.0431652,-3.90147,-0.580558,0.13957,211,1
0.316245,-2.62049,2.13232,0.13957,211,1
0.22172,-3.33022,-0.651361,0.13957,-211,1
1.1926,-1.03893,1.06716,0.13957,211,1
0.673373,1.03267,1.62985,0.13957,211,1
0.386048,0.782023,-0.170381,0.13957,-211,1
1.06891,0.370255,1.5569,0.13957,-211,1
4.01198,1.03106,0.358426,0.13957,211,1
64.9949,0.968529,0.353422,0.13957,-211,1
3.14131,2.88114,0.118601,0.13957,-211,1
0.535081,3.61941,-0.447775,0.49761,130,0
1.1416,3.59722,-1.56368,0.13957,-211,1
1.19073,2.43849,-2.16338,0.49761,130,0
0.380451,0.697184,-2.22111,0.49761,130,0
0.712408,-0.00194631,1.68314,0.13957,-211,1
0.712364,1.52175,2.8531,0.13957,211,1
2.7925,0.718077,1.91673,0.49761,130,0
0.851649,0.375296,-0.591053,0.13957,211,1
0.719538,1.2501,0.00501501,0.13957,-211,1
0.64032,1.0265,-0.903189,0.13957,211,1
0.312185,5.15151,-1.83361,0.13957,211,1
0.198041,6.69894,0.270302,0.13957,-211,1
0.377879,-2.94156,1.74203,0.13957,211,1
0.468366,-2.82935,0.202761,0.13957,-211,1
0.475226,-6.94914,2.4317,0.13957,211,1
0.251922,-3.24978,-0.915635,0.13957,211,1
0.331093,-5.37073,-0.421229,0.13957,-211,1
0.454025,-2.2597,-0.569083,0.13957,-211,1
0.347999,2.49387,1.47622,0.13957,211,1
0.300684,1.92006,-1.64442,0.13957,-211,1
0.798177,-3.22251,-2.52927,0.49368,-321,1
0.354495,-3.72962,-1.51583,0.13957,211,1
0.247249,-1.8695,-1.72393,0.13957,211,1
1.01012,-1.13624,-1.55559,0.49761,130,0
0.332392,0.115745,-1.10565,0.13957,211,1
0.405068,-0.443343,-3.0879,0.49761,130,0
0.270014,5.61669,2.11327,0.93827,2212,1
0.364546,4.75771,0.737767,0.13957,211,1
0.0641208,-7.13146,2.2109,0.13957,211,1
0.565257,-1.12413,-2.81743,0.49761,130,0
0.159637,0.997442,-2.8255,0.13957,211,1
1.20028,-6.24812,-0.441247,0.49368,321,1
0.102739,-6.05424,0.859436,0.13957,-211,1
0.506513,-5.2534,3.02707,0.13957,211,1
0.252062,-4.60137,-1.49264,0.13957,-211,1
0.731529,-2.90595,0.167942,0.49761,130,0
0.31794,4.08038,0.90084,0.13957,211,1
4.06663,2.93301,1.92964,0.49761,130,0
1.19642,2.98446,1.97153,0.49368,-321,1
0.774721,2.76732,2.06171,0.13957,211,1
3.12385,2.4637,-3.12088,0.13957,-211,1
0.883622,2.55482,2.84785,0.49761,130,0
2.05636,2.35709,2.93132,0.13957,-211,1
1.36124,2.26008,-2.59243,0.13957,211,1
0.791407,2.24589,2.37993,0.13957,-211,1
0.38184,1.21783,-1.75179,0.13957,-211,1
0.0813588,-3.69628,-2.31396,0.13957,211,1
0.819625,-1.93801,1.70371,0.13957,-211,1
0.469111,-4.38212,2.92459,0.13957,-211,1
0.887787,-2.81279,-0.517804,0.49761,130,0
0.0654275,0.816674,1.39408,0.49761,130,0
3.51311,2.67406,1.71536,0.49761,130,0
6.93764,2.47351,3.10021,0.49761,130,0
0.473027,-3.98696,-1.94162,0.49761,130,0
0.191814,-4.72163,-1.71774,0.49761,130,0
0.260971,-0.890354,-2.47548,0,22,0
0.446885,-2.42183,-2.58296,0,22,0
0.0516838,-2.24481,2.79982,0,22,0
0.536974,-2.25447,-3.04639,0,22,0
0.870763,-1.4216,1.23753,0,22,0
0.842455,-1.5785,1.25054,0,22,0
6.39826,-0.99642,-2.48365,0.13957,211,1
61.4864,-0.991108,-2.4762,0.13957,-211,1
31.5995,-0.968538,-2.45811,0,22,0
55.6788,-0.968906,-2.47116,0,22,0
0.642474,-2.98784,-0.00540596,0,22,0
0.141841,-2.57301,-0.164842,0,22,0
0.343488,-3.16964,0.192189,0.13957,211,1
0.6765,-3.27795,-0.200727,0.13957,-211,1
0.441554,-3.78712,0.527217,0.13957,211,1
0.14729,-4.04659,-1.11451,0.13957,-211,1
0.422159,-4.52717,2.71133,0.13957,211,1
0.234396,-3.94455,2.19972,0.13957,-211,1
50.4394,-1.18282,-2.68333,0.000511,11,1
0.992183,-0.96378,0.911182,0,22,0
0.550287,-1.12168,0.819572,0,22,0
0.188717,-2.08653,1.30326,0.13957,211,1
0.691964,-1.01993,1.51555,0.13957,-211,1
1.02735,-0.089496,2.10997,0.13957,211,1
0.438753,0.172687,1.7794,0.13957,-211,1
0.24829,0.834284,1.63422,0,22,0
0.431579,1.37281,-0.191243,0,22,0
0.652824,0.748123,-1.72959,0.13957,211,1
0.374296,1.30905,-0.751138,0.13957,-211,1
0.0227302,2.37119,1.05367,0,22,0
0.19655,2.67702,-2.21499,0,22,0
0.0762671,-0.843834,-2.03849,0,22,0
0.697205,-1.42103,-2.05033,0,22,0
0.729495,-0.604702,-1.70669,0,22,0
0.881892,-0.529419,-2.39932,0,22,0
0.0690429,-1.11112,-0.213284,0,22,0
1.32999,-0.846446,-2.42639,0,22,0
22.3079,-1.00981,-2.44601,0.13957,211,1
18.1003,-1.00079,-2.4575,0.13957,-211,1
0.344613,6.33242,0.745982,0.13957,211,1
0.106777,5.01171,0.505316,0.13957,-211,1
0.142983,6.36106,-2.49106,0.13957,211,1
0.234209,4.49213,-1.4199,0.13957,-211,1
0.209761,3.29763,2.6806,0,22,0
0.0791169,3.5576,-2.53822,0,22,0
0.822662,3.84637,2.94178,0.13957,211,1
0.42025,4.07534,-2.5904,0.13957,-211,1
0.0331197,2.09292,-2.41619,0,22,0
0.135246,3.79099,-3.07708,0,22,0
1.1573,3.25104,2.07131,0,22,0
0.474519,3.20655,2.24817,0,22,0
0.451571,4.36683,2.98047,0,22,0
0.354212,4.40124,-1.79434,0,22,0
0.238448,-0.722052,3.0374,0.13957,211,1
0.410869,-1.89909,-3.09439,0.13957,-211,1
0.656242,-1.5896,1.64862,0,22,0
0.156223,-2.14932,-0.230055,0,22,0
0.293552,2.27774,1.87151,0.13957,211,1
0.0850961,4.41743,1.94734,0.13957,-211,1
0.993302,4.32536,2.73528,0.13957,211,1
0.865693,3.82145,2.10332,0.13957,-211,1
0.303757,2.66893,3.09021,0,22,0
0.236394,3.15741,2.98852,0,22,0
0.26696,2.81702,-1.1322,0,22,0
0.472979,3.091,-1.39518,0,22,0
0.201329,2.79332,1.85174,0,22,0
0.0238256,4.26993,0.696949,0,22,0
0.0693792,1.31127,-0.407334,0.13957,211,1
0.266336,1.0129,-2.21345,0.13957,-211,1
0.0282989,-1.61064,2.88733,0,22,0
0.428042,-0.913787,-2.34949,0,22,0
0.0785647,-0.208398,2.50869,0,22,0
0.172024,-1.27482,2.19293,0,22,0
0.478803,-2.98974,-0.356579,0.13957,211,1
0.130672,-3.76881,-2.03269,0.13957,-211,1
1.90492,-4.1485,0.565649,0.93957,2112,0
0.0927918,-5.15333,-0.0920245,0.13957,-211,1
0.680831,-5.34733,0.450148,0.93957,-2112,0
0.185107,-4.18447,-0.0979345,0.13957,211,1
0.60213,-4.5128,1.05504,0,22,0
0.457499,-4.34308,1.24839,0,22,0
0.118318,-5.01781,2.39774,0,22,0
0.363065,-5.10318,1.74033,0,22,0
0.175185,-4.95744,-1.66277,0.13957,211,1
0.231738,-3.47812,-2.91513,0.13957,-211,1
0.436527,-5.27493,-1.63206,0,22,0
0.179813,-4.90884,-1.94412,0,22,0
0.0635263,-2.45346,-1.80911,0,22,0
1.18427,-3.01596,0.745003,0,22,0
0.239964,-3.44701,2.75793,0,22,0
0.331922,-3.01558,2.95753,0,22,0
0.340522,-3.16281,2.88602,0.13957,211,1
0.0678353,-4.21088,2.59417,0.13957,-211,1
0.310614,-1.69585,-1.18639,0,22,0
0.0199776,-2.27369,-3.05812,0,22,0
0.299423,-2.09558,1.70643,0.49368,321,1
0.252018,-2.40081,0.867279,0.49368,-321,1
0.141865,-0.846519,1.58901,0,22,0
1.18091,-0.717829,1.28423,0,22,0
2.45053,-1.0329,1.19327,0,22,0
7.77074,-1.05013,1.16758,0,22,0
1.56513,-1.0192,1.21574,0,22,0
10.6879,-0.998008,1.19044,0,22,0
0.11455,1.92908,-2.58217,0.13957,211,1
0.219197,0.796865,1.53166,0.13957,-211,1
0.0710768,1.29897,0.574841,0,22,0
0.466586,0.723793,0.113217,0,22,0
0.229909,0.274601,0.949392,0,22,0
0.309828,0.336139,1.4568,0,22,0
0.497223,0.094532,1.18579,0,22,0
0.188884,0.486416,1.38218,0,22,0
0.907603,1.15447,0.480712,0.13957,-211,1
0.725558,0.935809,0.280771,0,22,0
3.75225,0.879685,0.340291,0,22,0
0.631227,0.957902,0.332802,0,22,0
3.9626,0.983688,0.414182,0,22,0
0.301053,3.2455,-1.10846,0,22,0
1.66506,3.1301,-1.26031,0,22,0
0.0232287,3.039,-2.05197,0,22,0
0.210185,4.70997,-1.57164,0,22,0
0.961347,3.01377,-1.55114,0,22,0
0.262825,2.84179,-1.75757,0,22,0
0.134481,1.92269,-3.13576,0,22,0
0.123702,1.77479,2.0584,0,22,0
1.57357,3.3262,-2.06832,0,22,0
0.350537,2.61467,-1.9412,0,22,0
0.823221,2.2732,-2.66791,0,22,0
0.143133,2.18953,-3.05453,0,22,0
0.88702,0.230139,0.715845,0.93957,2112,0
0.366967,0.0422255,-0.00232951,0.13957,-211,1
0.0840685,1.54999,0.447944,0,22,0
1.47146,0.237639,0.405156,0,22,0
0.281153,0.329063,0.215993,0,22,0
0.801619,-0.0580418,-1.39327,0.93957,2112,0
0.291759,0.437465,-0.71147,0.13957,211,1
0.440225,0.754866,-1.24073,0,22,0
0.0646406,0.208539,-0.654182,0,22,0
0.10411,-1.25843,-1.74319,0,22,0
0.133775,2.32207,-0.428217,0,22,0
0.559225,2.46623,2.61948,0,22,0
0.0732101,-0.0878694,0.895875,0,22,0
0.418487,0.509152,0.414226,0,22,0
0.90661,-1.84874,-2.99329,0,22,0
0.112098,-2.24196,-2.84266,0,22,0
0.15224,3.5613,0.275468,0,22,0
0.521014,3.61255,-2.39414,0,22,0
0.886111,6.01774,2.31214,0.13957,211,1
0.703849,6.22308,2.66489,0.13957,-211,1
0.0191937,8.32093,0.269925,0,22,0
0.215448,6.49676,0.0528385,0,22,0
0.32354,6.17208,-2.25291,0.13957,211,1
0.0913601,5.59028,0.615669,0.13957,-211,1
0.766506,-2.06162,-2.4525,0,22,0
0.769181,-1.8909,-2.49354,0,22,0
0.360985,-5.919,-2.24127,0,22,0
0.0631149,-5.79477,-1.32387,0,22,0
0.865964,-3.73961,-1.24503,0.93957,2112,0
0.0964017,-3.62406,0.823239,0.13957,-211,1
0.107613,-2.56173,-1.87669,0.13957,211,1
0.057607,2.17938,-2.23331,0,22,0
0.514819,2.54654,-2.55514,0.93827,-2212,1
0.0311121,2.64819,-1.76804,0.13957,211,1
0.2937,6.70348,1.23133,0,22,0
0.0966792,7.16995,1.89138,0,22,0
0.0180169,-10.481,1.30496,0,22,0
0.0975078,-8.07504,0.150082,0,22,0
0.185496,-4.99882,2.99465,0.13957,211,1
0.314595,-5.89148,-2.67509,0.13957,-211,1
0.0893993,-3.02075,2.44493,0.13957,211,1
0.539774,-2.75333,-2.17026,0.13957,-211,1
0.0422028,-2.62884,-0.846186,0,22,0
0.033882,1.68386,3.0096,0.13957,211,1
0.0576917,2.24985,-0.382019,0.13957,-211,1
1.83518,2.60066,1.65165,0,22,0
1.94635,2.54009,1.68948,0,22,0
0.601563,1.89519,2.52551,0,22,0
0.202877,2.20362,2.75712,0,22,0
0.201549,-0.646787,2.10097,0,22,0
0.0689529,0.351688,2.58358,0,22,0
0.397906,-5.72177,-2.524,0.13957,211,1
0.282271,-5.71262,2.33721,0.13957,-211,1
8.62177,-0.930586,-2.45489,0,22,0
1.72438,-0.956389,-2.43124,0,22,0
0.0148409,-4.53816,-0.12865,0,22,0
0.343216,-3.03492,-1.0919,0,22,0
3.723,-1.12041,-2.62215,0,22,0
4.45601,-1.14176,-2.64749,0,22,0
4.07077,-1.1074,-2.79047,0,22,0
0.663676,-1.103,-2.70844,0,22,0
0.118766,-1.07481,-2.49786,0,22,0
0.230283,-1.02851,2.94603,0,22,0
0.896425,-1.00206,1.0614,0,22,0
0.617064,-1.10501,0.911832,0,22,0
0.084477,-1.16438,2.57918,0,22,0
0.103981,-1.60088,-2.19294,0,22,0
0.0299119,-1.88372,0.381904,0,22,0
0.116325,-0.356269,2.16057,0,22,0
0.215678,0.627234,1.56797,0,22,0
0.871686,0.563168,1.26214,0,22,0
0.0769624,2.07683,-2.7081,0,22,0
0.333025,1.26776,-2.84884,0,22,0
0.0309886,2.33795,0.499735,0,22,0
0.362684,1.15421,0.279272,0,22,0
0.0291936,1.41204,-2.53689,0,22,0
0.5046,1.60753,-1.37844,0,22,0
0.0506952,-0.537806,2.1547,0,22,0
0.0552941,1.20282,-2.24072,0,22,0
0.607131,-0.0068132,-2.6813,0,22,0
0.113003,0.426267,-2.95613,0,22,0
0.680595,-1.13598,-2.45224,0,22,0
2.98688,-1.04465,-2.47702,0,22,0
1.24954,-1.00022,-2.51993,0,22,0
0.529102,-1.10422,-2.39048,0,22,0
0.086085,3.734,-0.649494,0,22,0
0.0683275,5.21024,-1.36658,0,22,0
0.0401024,2.77407,2.99672,0,22,0
0.784837,2.73191,2.21748,0,22,0
0.872965,2.50444,0.853368,0,22,0
0.258447,2.37031,1.1045,0,22,0
0.306422,1.74439,2.33688,0,22,0
0.148732,1.25803,2.73772,0,22,0
0.0199093,-2.17659,-0.71799,0,22,0
0.436212,-1.56522,0.708475,0,22,0
0.437027,4.26425,2.88493,0,22,0
0.237977,4.50773,-3.05658,0,22,0
0.0651027,2.53251,-0.847169,0,22,0
0.106818,3.50634,-2.21368,0,22,0
0.020966,1.02854,-1.05618,0,22,0
0.156681,-0.172847,2.36771,0,22,0
0.115774,-1.70379,1.38345,0,22,0
0.13493,-1.3113,2.43658,0,22,0
0.452361,-5.77324,0.462518,0,22,0
0.00676715,-4.01769,2.02949,0,22,0
0.154931,-4.84583,0.183888,0,22,0
0.107517,-5.10752,1.2454,0,22,0
0.343978,-3.7128,2.04996,0,22,0
0.585054,-3.49976,2.26244,0,22,0
2.53729,-3.10197,1.7415,0,22,0
1.0829,-3.07097,1.81682,0,22,0
14.2867,-1.10296,1.11681,0,22,0
0.239247,-1.13807,1.05279,0,22,0
0.0224686,1.11809,-0.364759,0,22,0
0.466166,1.2549,1.06595,0,22,0
0.438311,1.13192,0.702745,0.13957,211,1
0.968425,0.514782,0.694692,0.13957,-211,1
9.78782,0.997732,0.359404,0.93957,-2112,0
4.31487,1.00777,0.4008,0.13957,-211,1
13.5885,0.945523,0.352556,0,22,0
0.394231,0.989239,0.313957,0,22,0
0.305594,3.51922,-0.427969,0,22,0
0.0976341,3.22472,0.312202,0,22,0
0.932396,3.04694,-1.63785,0,22,0
0.347371,3.08764,-1.40366,0,22,0
0.191165,3.0985,-0.702512,0.13957,211,1
0.218651,2.66959,2.85021,0.13957,-211,1
0.278765,1.61845,2.38982,0,22,0
0.0359384,0.494299,1.73303,0,22,0
0.265178,0.87914,-3.06706,0,22,0
0.681207,0.860379,-2.74868,0,22,0
0.0578319,1.40914,1.18535,0,22,0
0.0989316,0.735086,3.12047,0,22,0
1.35443,0.548249,0.480383,0,22,0
0.364309,0.56492,0.288657,0,22,0
0.673558,0.162265,-0.295402,0,22,0
0.0908619,0.657992,-0.512352,0,22,0
0.69769,-7.15114,-1.7494,0,22,0
0.0127173,-8.47533,-1.91784,0,22,0
0.328847,-2.71681,1.55708,0,22,0
0.142239,-2.18927,1.23208,0,22,0
0.0157273,-2.25934,-2.06205,0,22,0
0.0533239,-5.39825,-1.26445,0,22,0
0.293406,-6.29223,-0.903348,0.93827,-2212,1
0.116948,-5.96207,-1.70555,0.13957,211,1
0.310816,-0.0474984,0.770523,0,22,0
0.44633,-0.396186,0.678215,0,22,0
0.293734,-6.60279,-0.631352,0.13957,211,1
0.238806,-6.04448,0.903722,0.13957,-211,1
0.0495589,1.84511,3.05336,0,22,0
0.258244,2.97594,3.1043,0,22,0
0.253677,4.45187,1.33329,0,22,0
0.253618,4.76354,1.76711,0,22,0
0.0848529,3.18391,-0.0236848,0,22,0
0.0749424,3.41245,-2.01292,0,22,0
0.407483,3.11099,2.08024,0,22,0
0.471375,3.15396,1.77407,0,22,0
1.1389,2.49598,2.92319,0,22,0
3.37026,2.49068,2.99189,0,22,0
0.0342629,-3.04287,0.147132,0,22,0
0.0623459,-1.13821,2.69992,0,22,0
0.0641471,-4.1205,0.144167,0,22,0
0.236815,-3.07415,0.113923,0,22,0
0.250636,-0.669,0.929925,0.13957,211,1
0.302909,0.128375,2.28145,0.13957,-211,1
0.208778,2.78097,-1.51048,0.13957,211,1
0.699885,2.04186,-2.27611,0.13957,-211,1
0.16637,4.22108,-1.67635,0.13957,211,1
0.250724,4.19297,1.50474,0.13957,-211,1
1.14421,2.72129,1.90598,0.13957,211,1
0.224209,2.30497,1.69246,0.13957,-211,1
10.6376,-0.632632,-2.45609,0.10566,-13,1
1.08565,-3.12885,2.94708,0,22,0
0.131059,-3.2661,-3.00415,0,22,0
19.1855,-0.99226,-2.47331,0,22,0
22.9097,-0.994255,-2.46719,0,22,0
0.00468867,-4.5083,2.36412,0,22,0
0.689687,-3.30391,-0.79633,0,22,0
0.082406,-3.30548,1.80429,0,22,0
0.104701,-4.59419,2.26436,0,22,0
0.179953,-3.57145,-2.64177,0,22,0
0.0743573,-3.57878,-1.39588,0,22,0
4.51223,-1.1119,-2.69819,0.13957,211,1
7.01013,-1.20744,-2.70996,0.13957,-211,1
0.845193,-1.28685,1.82217,0,22,0
0.0893852,-0.988175,1.43071,0,22,0
0.046739,0.978414,2.50374,0,22,0
0.307482,-0.077597,2.2911,0,22,0
0.148549,-0.330629,1.87383,0,22,0
0.319161,0.123341,2.29483,0,22,0
0.320025,0.129092,1.71984,0,22,0
0.711901,0.0332965,1.98669,0,22,0
0.160229,0.0115669,2.50246,0,22,0
0.129078,0.432422,-2.91673,0,22,0
0.0893511,1.58126,-0.312038,0,22,0
0.0633589,0.798011,-2.17333,0,22,0
0.108747,2.97763,-0.850491,0,22,0
0.104547,2.03751,-1.68147,0,22,0
0.107972,2.54824,1.17723,0,22,0
0.0328446,1.1795,-0.890136,0,22,0
0.180118,3.15726,-0.475288,0.13957,211,1
0.151897,2.73779,-1.08808,0.13957,-211,1
0.349578,-0.298063,-1.99964,0,22,0
0.0453042,0.484004,-1.27165,0,22,0
0.386665,-0.471267,-1.63397,0,22,0
0.425012,-0.470254,-1.96849,0,22,0
0.0350136,-0.91068,2.91118,0,22,0
0.141371,-0.0871465,-1.29862,0,22,0
0.36631,-1.15227,-2.43265,0,22,0
2.46053,-1.01739,-2.47731,0,22,0
0.0290427,6.99845,-0.429049,0,22,0
0.0456411,4.45736,-2.50778,0,22,0
0.0271712,6.37433,-0.591482,0,22,0
0.249319,4.9101,-0.959687,0,22,0
0.0472583,3.73835,0.47965,0,22,0
0.124711,4.00736,2.58481,0,22,0
0.0929463,2.08667,1.64077,0,22,0
0.1318,2.83905,2.6256,0,22,0
0.0903481,2.59098,0.262432,0,22,0
0.196495,3.06482,1.18818,0,22,0
0.198522,2.56479,1.5781,0,22,0
0.0155586,4.5773,1.03968,0,22,0
0.156317,-1.54149,1.98179,0,22,0
0.0428929,-0.070222,1.61509,0,22,0
0.0111613,1.51557,2.04311,0,22,0
0.540551,3.05409,1.65669,0,22,0
0.119785,-0.966475,-0.376293,0,22,0
0.0425256,-0.51212,1.94685,0,22,0
0.137928,-0.592727,-1.64476,0,22,0
0.168845,0.154345,-2.09324,0,22,0
0.0941374,0.274157,-0.980114,0,22,0
0.37472,-0.252367,-1.46742,0,22,0
0.125834,0.613555,-2.31727,0,22,0
0.056622,0.0167254,-1.71442,0.000511,11,1
0.14166,-0.0700029,-1.82228,0.000511,-11,1
0.0672707,-3.27322,-0.0933117,0,22,0
0.219777,-2.28922,0.338265,0,22,0
0.184562,-5.06568,-2.6731,0,22,0
0.0365354,-4.30054,1.99557,0,22,0
0.263647,-1.87326,2.41507,0,22,0
0.152143,-2.3179,1.90638,0,22,0
0.171502,1.8382,1.5294,0,22,0
0.0959393,2.79261,1.17379,0,22,0
1.67785,0.927788,0.961482,0.93957,-2112,0
1.20422,-0.672384,-1.54546,0.93957,-2112,0
0.09914,0.531117,1.96188,0,22,0
0.0577854,-0.380596,0.245615,0,22,0
0.0330905,-0.828004,-3.07915,0,22,0
0.0372408,1.98296,-2.76346,0,22,0
0.0573562,-0.717279,-2.46053,0,22,0
0.174871,-0.346951,2.41366,0,22,0
0.0436083,4.67206,-2.53434,0,22,0
0.219815,5.72681,2.89811,0,22,0
0.10828,5.16674,-2.82291,0,22,0
0.162973,5.74029,2.60075,0,22,0
0.316917,-3.64351,0.512431,0.93827,-2212,1
0.0607922,-3.15939,3.12117,0.13957,211,1
0.213058,3.21995,0.192407,0.93827,2212,1
0.113744,1.64849,-0.109229,0.13957,-211,1
0.033855,-4.68665,-2.31153,0,22,0
0.131286,-4.30988,1.04131,0,22,0
0.16825,1.38672,0.320282,0,22,0
0.120636,1.14672,-0.631648,0,22,0
0.485734,-5.72652,2.54953,0,22,0
0.0200666,-5.97898,-2.26042,0,22,0
0.0633461,-3.80681,2.79554,0,22,0
0.18427,-3.81497,-2.13826,0,22,0
0.161582,-5.38195,-2.36097,0,22,0
0.228494,-4.77259,-2.69498,0,22,0
0.209475,0.447306,-0.997743,0,22,0
0.0228717,0.628305,1.65954,0,22,0
0.0283424,2.57998,-2.58915,0,22,0
0.144973,1.69837,1.19151,0,22,0
0.101549,-1.49388,0.55808,0,22,0
0.110455,-1.33431,1.92691,0,22,0
0.0867883,-2.39489,3.01121,0,22,0
0.353383,-2.32833,2.2231,0,22,0
0.484335,-1.28512,1.01709,0,22,0
0.249882,-0.944513,0.834067,0,22,0
0.326425,-1.22176,1.46237,0,22,0
0.787629,-1.44771,1.32228,0,22,0
0.246428,-3.40369,2.76403,0,22,0
0.0164943,-2.46909,-1.06676,0,22,0
0.108136,-3.0859,-1.73181,0,22,0
0.142476,-3.19369,-0.58844,0,22,0
0.807963,-0.720051,-2.50795,0.13957,-211,1
0.112199,1.82415,-0.0454535,0,22,0
0.235887,2.13278,-0.835514,0,22,0
5.2257,0.999276,0.409193,0.93827,2212,1
1.14708,0.975386,0.307843,0.13957,-211,1
0.960948,1.05724,0.427366,0,22,0
1.02558,0.982885,0.313478,0,22,0
0.053892,0.959873,-0.81625,0,22,0
0.155417,1.07151,0.83604,0,22,0
0.0434331,-0.448086,-2.65766,0,22,0
0.377296,-0.689987,-1.58011,0,22,0
3.09366,-0.851483,-2.49132,0.10566,13,1
11.6051,-1.09118,-2.68669,0.13957,211,1
1.09306,-1.29277,-2.64459,0.13957,-211,1
0.0862157,-0.832444,-2.58458,0,22,0
2.26593,-1.12908,-2.65257,0,22,0
3.45686,-0.637249,-2.31106,0.49368,321,1
1.4629,-0.732416,-2.56727,0,22,0
0.103372,-0.717977,-2.91583,0,22,0
60.5403.

