0.12104,-7.52855,3.00407,0.13957,-211,1
0.370315,-2.21105,2.35577,0.49368,321,1
0.79937,-2.06425,-2.30575,0.13957,-211,1
71.8698,1.60878,0.386728,0.13957,-211,1
19.1125,1.60131,0.362967,0.49368,321,1
36.4253,2.25966,0.423143,0.93827,2212,1
26.0257,2.34176,0.424117,0.93827,-2212,1
14.1732,2.34461,0.554092,0.13957,-211,1
18.6159,2.29021,0.505513,0.13957,211,1
25.2708,-0.545932,-2.38014,0.13957,-211,1
7.00867,-0.575886,-2.47675,0.49368,321,1
17.0268,-0.579669,-2.6355,0.49368,-321,1
0.556215,0.859541,-0.936875,0.13957,211,1
0.41624,1.29512,-0.263008,0.13957,211,1
0.338968,3.60526,0.417547,0.13957,-211,1
0.236227,1.50732,0.299977,0.49368,-321,1
1.47385,1.44114,0.765582,0.13957,211,1
15.3134,2.17381,0.427056,0.13957,-211,1
6.9276,2.18587,0.334537,0.13957,-211,1
11.7756,1.90212,0.302391,0.13957,211,1
9.34795,1.90953,0.244845,0.49368,-321,1
15.3892,1.88378,0.296211,0.49368,321,1
3.386,1.89248,0.270766,0.13957,-211,1
0.503638,0.296585,-1.53015,0.13957,-211,1
0.620673,-0.995451,-0.274371,0.13957,211,1
1.1662,-5.72577,-2.34384,0.13957,211,1
3.10071,-3.1382,1.11053,0.13957,-211,1
0.162614,-4.12032,2.21279,0.13957,-211,1
0.11151,-6.14534,-2.38864,0.13957,-211,1
11.9057,-0.669603,-1.57124,0.13957,211,1
14.4443,-0.691632,-1.53095,0.13957,-211,1
3.90589,-0.440235,-1.59331,0.13957,211,1
1.63048,-0.419523,-1.61122,0.93957,2112,0
1.38577,0.025187,-1.36335,0.49368,-321,1
1.29981,-0.0871347,-1.31836,0.49368,321,1
0.394822,0.584013,-1.53375,0.13957,211,1
0.29594,-1.34554,-1.45431,0.13957,211,1
1.35402,1.44274,-2.147,0.13957,211,1
0.438836,2.3716,-1.38713,0.13957,211,1
1.13096,1.9138,-2.40368,0.93957,2112,0
0.241574,2.29931,-1.77538,0.13957,-211,1
4.44438,-0.312132,-2.59593,0.13957,-211,1
2.3509,-0.145697,-2.45179,0.93827,2212,1
5.04664,-0.204672,-2.6938,0.93827,-2212,1
3.15519,-0.284361,-2.96629,0.13957,211,1
1.04432,0.559757,2.80834,0.13957,-211,1
1.15299,-0.576849,-2.96896,0.13957,211,1
125.758,-0.258299,-2.96704,0.93827,2212,1
71.621,-0.25318,-2.9691,0.93957,-2112,0
155.458,-0.2512,-2.9613,0.13957,-211,1
0.331797,-4.81212,1.22302,0.49368,321,1
0.0793574,-2.96156,0.229887,0.13957,-211,1
0.0353485,4.8621,0.812063,0.93957,-2112,0
0.60054,3.54907,-2.62099,0.49368,-321,1
0.441783,5.57509,-0.890747,0.49368,321,1
0.484702,7.70668,-1.54498,0.93827,-2212,1
0.447252,8.01513,-0.733365,0.93957,2112,0
0.175853,3.16128,0.601285,0.13957,211,1
3.08371,4.17584,1.59219,0.13957,-211,1
0.976861,4.77044,1.5308,0.13957,211,1
0.308111,4.87654,-1.14173,0.13957,211,1
1.37266,3.47402,-0.976197,0.13957,-211,1
8.48731,3.51857,-1.01602,0.93827,2212,1
5.33446,3.19739,-0.9521,0.93827,-2212,1
3.41371,3.31649,-0.78662,0.13957,211,1
1.90873,2.92273,-0.581204,0.93957,2112,0
2.2066,2.91594,-0.878674,0.93827,-2212,1
1.71352,3.30425,-0.211677,0.93827,2212,1
0.561011,2.50027,0.400691,0.49368,-321,1
1.3492,4.90371,-2.17364,0.13957,211,1
0.137958,6.28272,0.562525,0.13957,-211,1
0.56537,-0.777549,-1.00686,0.13957,-211,1
0.272953,-4.0692,-1.81307,0.13957,211,1
1.58398,-3.93446,2.84936,0.13957,211,1
0.412654,-3.97778,-1.39767,0.13957,-211,1
4.62047,-4.03715,2.81536,0.13957,211,1
0.424788,-2.15686,2.18851,0.13957,-211,1
0.614687,-2.94424,-2.17194,0.13957,211,1
0.139091,-2.20538,0.990403,0.13957,211,1
2.38874,-1.08717,0.0213777,0.49368,321,1
10.1391,-0.863716,0.00675032,0.49368,-321,1
1.69258,-0.932499,0.0278792,0.13957,-211,1
1.83139,-1.66255,0.600512,0.13957,211,1
1.298,-1.38878,0.415819,0.13957,-211,1
2.61022,-0.707841,0.576378,0.93957,-2112,0
1.68601,-0.361669,0.133614,0.13957,-211,1
1.40673,-0.640476,1.04411,0.13957,-211,1
1.33628,-0.188954,0.75612,0.13957,211,1
0.939928,-1.58278,-0.855087,0.13957,-211,1
0.346721,-3.03771,-1.46574,0.13957,211,1
0.252555,-4.59435,-0.809656,0.13957,-211,1
0.304388,-3.19727,-0.867482,0.49368,321,1
1.8622,-4.44573,-0.74423,0.93957,-2112,0
0.602914,-5.12173,0.0919443,0.93957,2112,0
0.716918,-3.81306,-1.48763,0.49368,-321,1
1.08068,-2.23596,-1.64197,0.13957,211,1
0.534604,-1.77585,-0.985293,0.13957,-211,1
0.85985,-2.22647,-0.515449,0.13957,211,1
1.37267,-1.99205,-2.15768,0.49368,-321,1
1.72059,-0.389926,-2.28378,0.13957,-211,1
0.385289,-0.268725,0.82948,0.13957,211,1
0.744755,0.466536,2.54534,0.49761,130,0
6.30604,1.55677,0.300433,0.49368,-321,1
8.17433,2.22687,0.482248,0.13957,211,1
2.8847,2.3532,0.384188,0.13957,-211,1
6.2909,2.28446,0.450002,0.13957,211,1
0.765563,1.70229,-1.30304,0.13957,-211,1
0.0666962,5.48385,0.0412572,0.13957,211,1
0.895364,3.51188,1.74819,0.13957,-211,1
2.08839,1.53071,0.586677,0.13957,211,1
6.38755,1.37657,0.461899,0.13957,-211,1
0.463717,1.70605,2.60694,0.13957,-211,1
0.468151,1.61336,0.220318,0.13957,211,1
4.21163,2.1153,0.403621,0.13957,211,1
2.57108,1.84817,0.476844,0.13957,211,1
4.73526,2.04397,0.417647,0.13957,-211,1
19.241,2.00048,0.354664,0.49761,130,0
0.625413,1.87904,-0.164427,0.13957,211,1
10.5074,1.57976,0.440381,0.49761,130,0
3.19798,1.57969,0.485034,0.49368,-321,1
3.42464,1.4271,0.497122,0.13957,211,1
0.220633,2.14983,1.092,0.13957,211,1
0.908543,0.85589,0.341719,0.13957,-211,1
0.735531,0.479341,0.0635134,0.13957,211,1
0.900912,0.067258,1.12245,0.13957,-211,1
0.725694,-2.09804,-0.125726,0.13957,211,1
1.29511,-2.1876,0.478351,0.93957,2112,0
0.386002,-1.86276,-0.359133,0.13957,-211,1
2.42958,-2.42433,-0.00208106,0.93827,-2212,1
1.28768,-2.231,0.106267,0.13957,211,1
1.54658,-5.80236,-1.84641,0.13957,211,1
3.44817,-6.06515,-1.7241,0.13957,-211,1
1.65361,-2.80046,2.0375,0.93827,2212,1
2.05695,-2.63875,1.34506,0.93827,-2212,1
0.760903,-2.30946,1.51995,0.13957,-211,1
0.664726,-2.71917,0.884978,0.13957,211,1
0.926166,-2.95557,1.55426,0.13957,-211,1
1.37878,-2.91503,1.42199,0.13957,211,1
0.397153,-2.97016,1.48864,0.13957,211,1
0.0432224,-5.33311,1.75961,0.13957,211,1
0.44054,-4.75281,-1.00523,0.13957,211,1
0.215394,-5.4443,-0.411751,0.49761,130,0
0.512552,-5.98027,1.09381,0.49368,-321,1
1.11576,0.574265,-1.66312,0.49368,-321,1
0.426312,-0.544844,-2.0535,0.13957,211,1
0.631943,0.710123,-1.69566,0.13957,-211,1
0.315204,1.36933,1.73559,0.13957,-211,1
1.11249,1.14808,-2.37177,0.13957,-211,1
0.945759,2.39762,-1.97674,0.93957,-2112,0
0.447001,0.0932066,-2.92337,0.13957,211,1
1.4141,-0.114064,-2.92988,0.13957,-211,1
0.720604,-0.306981,-2.86706,0.13957,-211,1
14.097,-0.285838,-2.96844,0.13957,211,1
143.14,-0.250102,-2.96384,0.13957,-211,1
0.343506,-5.41804,-2.888,0.49368,321,1
0.3774,-5.7652,-3.05731,0.13957,-211,1
0.252842,-5.40555,-1.29081,0.13957,211,1
0.303026,-3.72877,2.45682,0.13957,-211,1
0.253197,-2.44484,-2.47472,0.49761,130,0
0.623683,-1.11455,0.058222,0.13957,211,1
0.297816,-0.353774,2.29726,0.13957,-211,1
0.915194,1.04133,0.15787,0.93827,2212,1
0.103242,5.6366,-2.13467,0.13957,211,1
0.453186,5.31157,0.255778,0.13957,211,1
0.379727,5.65858,2.05374,0.13957,-211,1
0.327269,7.73747,0.339194,0.13957,211,1
0.186001,6.86991,2.38512,0.13957,-211,1
0.799953,5.06586,-0.178974,0.13957,-211,1
0.238757,5.35836,-1.12308,0.13957,-211,1
4.475,3.57855,-1.01417,0.13957,211,1
0.700183,2.7971,-0.277328,0.13957,211,1
1.01225,2.05319,0.219919,0.13957,-211,1
0.201387,4.08845,-0.99616,0.13957,211,1
0.533446,4.72901,2.04857,0.13957,-211,1
0.495758,3.10601,-1.03478,0.13957,211,1
0.477538,0.937299,-2.26532,0.13957,211,1
0.190745,-2.29649,0.232901,0.49368,321,1
0.382911,-1.96848,-2.58013,0.13957,-211,1
0.30755,-3.50473,2.58335,0.13957,-211,1
0.570857,-5.30201,0.457565,0.13957,211,1
0.285158,-5.70555,2.56574,0.13957,-211,1
0.138778,-8.46759,-2.20473,0.49761,130,0
0.56334,-6.22037,1.94312,0.49761,130,0
0.897851,-4.24294,2.28909,0.13957,-211,1
0.198579,-1.73401,-0.317332,0.13957,-211,1
1.16817,-1.24345,-0.320868,0.13957,-211,1
1.44668,-0.949363,0.107625,0.13957,211,1
7.33333,-0.914989,0.00314168,0.13957,-211,1
4.12476,-0.795289,0.023152,0.13957,211,1
0.733336,-1.4216,-0.157433,0.13957,211,1
0.208138,-1.95515,-0.492898,0.13957,-211,1
0.833037,-1.99054,0.241012,0.13957,211,1
1.19219,-1.46064,0.66949,0.13957,-211,1
2.41922,-1.57252,0.519249,0.93827,2212,1
0.0418794,-2.88607,0.246648,0.13957,211,1
1.03269,-1.20174,0.0714358,0.13957,-211,1
0.934213,-0.504639,1.48313,0.13957,211,1
0.943644,-0.179029,0.647263,0.13957,-211,1
0.239566,-0.505231,-0.38309,0.13957,211,1
0.363986,-1.21201,0.23216,0.13957,211,1
1.42591,-1.10753,-0.31171,0.13957,-211,1
0.616889,-1.92434,0.430238,0.13957,211,1
0.867073,-2.9527,-0.522132,0.13957,-211,1
0.484061,-1.11174,-2.95548,0.13957,211,1
0.985103,-1.27868,-1.87238,0.49368,-321,1
0.39383,-0.343486,-2.37812,0.13957,211,1
0.159342,-1.00678,-3.01121,0.13957,-211,1
0.710331,-1.28646,-2.10872,0.13957,211,1
6.07011,-0.462353,-2.37777,0.13957,-211,1
1.57153,-0.850252,-2.27386,0.13957,211,1
4.72764,-0.651149,-2.45084,0.13957,211,1
1.91153,1.62938,0.682219,0.49761,130,0
0.338426,-5.50178,-1.76652,0.49761,130,0
0.369635,-3.02138,0.893375,0.49761,130,0
17.512,1.53873,0.468551,0,22,0
12.8405,1.55792,0.45399,0.49761,130,0
0.236885,-4.87492,1.00578,0,22,0
0.225826,-4.94198,-1.63055,0,22,0
0.229786,-4.4702,-1.98507,0,22,0
0.431142,-7.86817,1.55921,0,22,0
0.0258166,-7.82378,0.171982,0,22,0
0.344193,-7.42809,0.532036,0,22,0
0.169034,-7.4754,-0.0330527,0,22,0
0.287915,-0.0912931,1.17087,0,22,0
0.374982,-0.733874,-0.577206,0,22,0
43.0178,1.54522,0.313761,0.49368,321,1
20.3017,1.49465,0.316748,0.13957,-211,1
0.93991,2.21362,0.580403,0,22,0
14.2001,2.35258,0.524309,0,22,0
6.2177,2.35826,0.563692,0,22,0
13.1012,2.30119,0.584368,0,22,0
37.0962,-0.591905,-2.65541,0.13957,211,1
0.560449,1.73597,-1.51473,0,22,0
0.487101,1.48737,-1.44676,0,22,0
0.184178,3.75436,-0.0966832,0,22,0
0.505017,2.90805,-1.90307,0,22,0
0.171026,3.92065,-1.57926,0.13957,211,1
0.218958,3.68668,1.69844,0.13957,-211,1
10.6362,1.53058,0.4796,0.13957,211,1
22.1891,1.53519,0.454915,0.13957,-211,1
2.41268,1.38744,0.494593,0,22,0
1.84864,1.42338,0.441733,0,22,0
0.30043,0.317761,0.353891,0,22,0
0.0554426,1.1209,-0.300675,0,22,0
0.498562,1.16211,0.801496,0,22,0
0.422467,1.39071,0.986187,0,22,0
0.162977,0.520374,0.361475,0.13957,211,1
0.309289,0.726806,0.368086,0.13957,-211,1
0.0788366,-3.91337,-1.30354,0,22,0
0.062256,-3.52378,1.16071,0,22,0
0.171089,-2.04697,2.05566,0,22,0
0.0936218,-2.19443,0.942864,0,22,0
0.522915,-1.91689,-0.00385385,0,22,0
0.334758,-3.03026,-0.596911,0,22,0
0.200682,-3.33073,0.876963,0,22,0
0.234542,-2.94669,1.36956,0,22,0
0.507593,-3.34917,1.13244,0,22,0
0.715315,-3.53246,1.00394,0,22,0
0.459703,-4.0529,-0.135622,0,22,0
0.170715,-3.60181,0.023323,0,22,0
0.289973,-3.0514,0.515554,0.13957,211,1
0.329862,-3.62435,1.11295,0.13957,-211,1
0.460597,-3.40889,-0.433931,0,22,0
0.295801,-3.41115,-0.0661824,0,22,0
0.259626,-4.83081,0.379322,0.93827,-2212,1
0.0953032,-4.11098,-1.51462,0.13957,211,1
0.163102,-4.20016,1.42985,0,22,0
0.68233,-4.60058,1.46483,0,22,0
0.506489,-0.66675,-1.76666,0,22,0
3.79928,-0.678425,-1.67002,0,22,0
2.90152,-0.194983,-1.33039,0.93827,-2212,1
0.56728,-0.305786,-1.50786,0.13957,211,1
0.195805,-0.499157,3.07293,0.13957,211,1
0.258357,-0.657597,-1.4871,0.13957,-211,1
0.819039,0.582967,-1.50033,0.49368,321,1
0.68877,0.429749,-1.24444,0.49368,-321,1
0.56625,0.196052,-1.79961,0.13957,211,1
0.25323,-0.000217449,-2.69182,0.13957,-211,1
0.0827992,-0.228581,-1.08176,0,22,0
0.284559,0.355321,-0.419697,0,22,0
0.27811,0.169212,-2.75004,0.13957,-211,1
0.157809,-0.4819,-2.85882,0,22,0
0.0152859,-0.499739,-2.28323,0,22,0
0.910088,-0.407912,2.78607,0,22,0
0.302012,-1.55637,-2.35494,0.93957,2112,0
0.281933,-0.160008,-2.43531,0.13957,-211,1
0.855653,0.522913,-2.37449,0.93957,-2112,0
0.516069,0.39301,-2.73169,0.13957,211,1
0.678121,2.42435,-2.33867,0.13957,211,1
0.306994,2.17619,3.005,0.13957,-211,1
1.23004,-0.441879,-2.61191,0,22,0
0.123726,-0.145031,-1.95087,0,22,0
0.383426,-0.449842,-2.49653,0,22,0
0.843562,-0.212205,-3.01514,0.13957,211,1
0.88968,-0.406517,-2.70351,0.13957,-211,1
0.0926626,0.493122,-2.77293,0,22,0
4.16582,-0.327844,-2.65118,0,22,0
0.16292,-0.918038,-2.3609,0,22,0
0.922969,-0.433116,-2.70812,0.13957,211,1
4.29841,-0.235742,-2.69614,0.13957,-211,1
0.479928,0.0214636,-2.99564,0.13957,211,1
0.337123,0.416662,-2.79604,0.13957,-211,1
1.35061,-0.0246338,-2.8437,0,22,0
1.9072,0.0580431,-2.85899,0,22,0
0.0407104,-5.5818,-2.23266,0.13957,211,1
0.0649185,-4.75782,3.09677,0.13957,-211,1
0.0648571,-3.76771,1.3382,0,22,0
0.111345,-3.48764,3.13286,0,22,0
0.150235,-1.19487,3.10011,0,22,0
0.196556,-1.93318,-2.96662,0,22,0
0.79121,0.184018,2.9146,0,22,0
0.0832516,-1.2324,1.24783,0,22,0
0.256991,0.442716,-1.39681,0,22,0
0.316255,-0.0237044,-1.3453,0,22,0
0.16938,2.76549,-2.25995,0,22,0
0.329092,3.17979,-2.65331,0,22,0
0.459936,3.96491,0.524473,0,22,0
0.326127,5.27391,0.355741,0,22,0
0.0156916,3.33986,3.0639,0,22,0
0.280757,3.71967,-0.179503,0,22,0
0.216718,4.64818,1.66429,0,22,0
0.290219,5.36399,-1.3698,0.93827,-2212,1
0.0769284,4.29432,-2.42564,0.13957,211,1
1.39545,2.98236,-1.25019,0,22,0
0.105796,4.0927,-2.09226,0,22,0
0.178878,3.81061,-1.17954,0,22,0
1.13122,3.61111,-0.955218,0,22,0
0.674923,3.4059,-1.04012,0,22,0
5.02619,3.13994,-0.908401,0,22,0
0.201553,3.33531,-0.942826,0,22,0
0.306788,2.86726,-1.21111,0,22,0
0.177168,3.49193,0.00643463,0,22,0
0.0816409,2.9067,-0.531497,0.000511,11,1
0.509906,2.6041,-1.52386,0.000511,-11,1
0.190283,6.0115,2.0411,0.13957,211,1
0.378561,5.31459,-2.20624,0.13957,-211,1
0.0868171,4.50255,-2.65025,0.13957,211,1
0.173055,3.80252,2.89769,0.13957,-211,1
0.438205,2.61168,2.11639,0,22,0
0.0369818,3.57284,1.75794,0,22,0
0.121836,-4.8985,-0.249501,0,22,0
0.205549,-4.20241,0.227331,0,22,0
0.226152,-7.25047,-0.968884,0.13957,211,1
0.234716,-5.91895,1.94319,0.13957,-211,1
0.0532756,-7.60438,0.038815,0.13957,211,1
0.471106,-6.70494,3.10005,0.13957,-211,1
0.420871,-3.43419,-2.91601,0,22,0
0.0339053,-4.42841,2.91137,0,22,0
0.268243,-3.58472,-3.11238,0,22,0
1.67298,-3.70373,3.00808,0,22,0
0.224284,-1.30479,1.95348,0,22,0
0.0147326,-0.133232,-1.33977,0,22,0
1.90497,-1.02272,0.355,0,22,0
0.16884,-0.827556,1.34041,0,22,0
2.26651,-0.90267,-0.0847016,0.13957,211,1
5.40908,-0.897837,-0.1286,0.13957,-211,1
0.880215,-0.995187,0.00989639,0,22,0
0.132302,-0.202207,-2.05152,0,22,0
0.0938832,-1.18922,-1.39895,0,22,0
1.18336,-1.49925,0.0468037,0,22,0
0.29971,-1.29715,0.14877,0,22,0
0.259279,-1.04609,0.18906,0.13957,211,1
0.536777,-0.817653,0.663378,0.13957,-211,1
0.0717218,-1.46373,-2.25046,0,22,0
0.319577,-2.18621,-1.74529,0,22,0
0.703993,-4.04512,-0.154802,0.13957,211,1
0.271442,-3.93788,-0.397823,0.13957,-211,1
0.175402,-2.65928,0.320781,0,22,0
0.129275,-3.33285,-0.264059,0,22,0
1.19109,-4.54252,-0.579509,0.93827,2212,1
0.361942,-4.56554,-0.718415,0.13957,-211,1
0.35735,-3.91925,-0.170372,0,22,0
0.97031,-4.14735,-0.187353,0,22,0
1.13668,-4.2262,-0.599181,0.93957,-2112,0
0.369987,-4.23171,0.023104,0.13957,211,1
0.180641,-3.74513,-1.1843,0.13957,-211,1
0.193928,-3.03455,-2.8304,0,22,0
0.0515664,-2.38909,2.19159,0,22,0
0.752262,-0.452767,-1.94543,0.13957,211,1
0.277074,-0.328844,-1.69379,0.13957,-211,1
0.087975,-0.346199,-2.48448,0,22,0
0.393927,-0.906205,-2.02906,0,22,0
0.129817,0.320287,-2.93245,0,22,0
0.266057,-0.244775,2.90013,0,22,0
1.23139,1.60247,0.247537,0,22,0
3.07589,1.56756,0.187594,0,22,0
5.52431,2.34172,0.529918,0,22,0
4.92019,2.34169,0.504027,0,22,0
0.599687,2.26544,-2.06034,0,22,0
0.470788,2.01908,-2.11977,0,22,0
0.551732,3.03927,1.77139,0,22,0
0.0212833,3.72045,0.684608,0,22,0
0.3054,4.11308,2.51911,0,22,0
0.310645,4.40264,2.18959,0,22,0
21.196,1.53997,0.464065,0,22,0
18.6972,1.53497,0.459487,0,22,0
0.685575,1.21275,1.06274,0,22,0
0.312951,1.36661,0.814716,0,22,0
0.0962834,2.94991,0.385941,0,22,0
0.123053,2.52842,-0.857801,0,22,0
7.38828,2.04571,0.484462,0,22,0
0.953233,2.09324,0.502547,0,22,0
3.97836,1.89867,0.282234,0,22,0
0.102933,1.97572,0.478899,0,22,0
11.2774,1.60519,0.435779,0.13957,211,1
3.30882,1.60952,0.375378,0.13957,-211,1
0.0509995,-1.13691,-2.5211,0,22,0
0.23858,-0.723944,-1.29487,0,22,0
0.414116,-2.56953,0.199987,0.13957,211,1
0.210753,-2.01744,-0.993786,0.13957,-211,1
1.05181,-1.86159,1.89314,0.13957,211,1
1.02224,-2.08581,2.22127,0.13957,-211,1
0.343295,-1.91723,2.40051,0,22,0
0.0159948,-1.54876,0.198149,0,22,0
1.70376,-2.4681,1.29501,0,22,0
0.326471,-2.4003,1.463,0,22,0
0.0239808,-3.30115,-3.00984,0,22,0
0.326633,-3.03409,-1.31156,0,22,0
1.6448,-3.82744,0.7166,0.93957,2112,0
0.0358017,-4.52476,0.373534,0,22,0
0.224025,-3.13643,0.255086,0,22,0
0.160475,-5.03314,-1.22369,0,22,0
0.0715708,-6.13913,-1.71148,0,22,0
0.231891,-6.49967,1.03726,0.93827,2212,1
0.0933502,-5.86563,-0.848444,0.13957,-211,1
0.105684,-4.94232,0.397482,0,22,0
0.244867,-5.75219,0.504811,0,22,0
1.18669,0.385201,-1.30433,0,22,0
0.444002,0.426416,-1.48591,0,22,0
0.318619,0.543993,-2.61081,0,22,0
0.169374,0.139306,-2.19355,0,22,0
0.364071,2.12599,-1.89197,0,22,0
0.0819987,1.37366,-2.02283,0,22,0
0.0750071,2.30959,0.47262,0,22,0
0.0611856,2.1492,-2.90577,0,22,0
5.82044,-0.200458,-3.0197,0,22,0
5.95151,-0.206393,-3.04185,0,22,0
0.654939,-0.214932,-2.87249,0,22,0
6.164,-0.216938,-2.93965,0,22,0
49.6704,-0.244947,-2.96497,0,22,0
9.27389,-0.25114,-2.96606,0,22,0
0.167222,-6.39457,2.65089,0,22,0
0.0947381,-5.6561,-2.85136,0,22,0
0.0525474,1.26112,1.49433,0,22,0
0.101807,0.912774,-2.52149,0,22,0
0.0487424,3.46431,2.1205,0.13957,211,1
0.301907,3.89432,0.8795,0.13957,-211,1
0.681981,5.78605,1.04781,0.93957,2112,0
0.178484,3.36918,-2.53191,0,22,0
0.0980042,2.86429,-1.61642,0,22,0
0.57053,3.79872,-1.21861,0,22,0
1.26013,3.85567,-1.06981,0,22,0
0.310042,2.92303,-1.48592,0,22,0
0.0773103,2.9982,-2.38444,0,22,0
0.905734,3.03291,0.11019,0.93957,-2112,0
0.212985,2.31337,-1.07773,0,22,0
0.0132996,0.843262,1.67736,0,22,0
0.520531,4.52034,-2.19482,0,22,0
0.912557,4.71587,-2.19686,0,22,0
0.135061,3.72075,-0.751024,0,22,0
0.0377166,4.50272,1.30532,0,22,0
0.0152004,3.79477,1.13127,0,22,0
0.261982,4.59603,-2.33089,0,22,0
0.00901283,-0.629941,2.38757,0,22,0
0.430562,0.973822,1.058,0,22,0
0.323978,-1.84469,1.23736,0,22,0
0.083473,-1.06582,1.42678,0,22,0
0.513714,-4.79107,2.03824,0,22,0
0.0269259,-4.99006,-3.04378,0,22,0
0.450644,-5.12623,2.92691,0,22,0
0.350181,-4.89168,-3.11033,0,22,0
0.0302851,-3.66032,1.15682,0,22,0
0.131949,-2.32704,-0.667838,0,22,0
0.474432,-0.818846,0.911903,0,22,0
0.0546863,-1.45274,0.369761,0,22,0
0.712282,-1.10561,-0.0371719,0,22,0
0.118108,-1.56669,-0.0507527,0,22,0
0.0661195,-0.854008,0.0277282,0,22,0
7.00982,-0.975903,0.184199,0,22,0
0.144604,-1.53613,0.837654,0,22,0
0.852834,-1.17748,0.704422,0,22,0
0.508023,-0.838075,0.827713,0,22,0
0.590723,-0.688059,0.632043,0,22,0
1.38666,-0.274258,1.13214,0,22,0
0.185866,-0.539022,1.11867,0,22,0
0.0990975,-0.502784,1.8104,0,22,0
0.489976,-1.10287,1.87517,0,22,0
0.0813222,-1.27837,0.203684,0,22,0
0.382532,-1.12495,0.972189,0,22,0
0.217367,-2.08283,-0.943243,0,22,0
0.106941,-1.31702,-1.35618,0,22,0
0.0664082,-3.11817,1.90138,0,22,0
0.0513459,-4.54449,-2.32184,0,22,0
0.716693,-2.22333,-1.11259,0,22,0
0.31224,-2.41978,-1.3196,0,22,0
0.26495,-1.68295,0.107249,0,22,0
0.0164115,-2.77685,-1.9132,0,22,0
0.179723,-1.54161,-2.44831,0,22,0
1.83115,-1.39807,-2.63492,0,22,0
0.779787,-0.439044,-2.51347,0,22,0
0.0194104,-1.40924,-2.07849,0,22,0
1.57128,-0.511878,-2.22088,0,22,0
3.12368,-0.570236,-2.23835,0,22,0
0.0789548,-1.01844,-2.85083,0,22,0
0.317612,-0.388489,2.86215,0,22,0
0.149687,-0.66778,-2.37013,0,22,0
1.4933,-0.383472,-2.38163,0,22,0
32.652,1.5495,0.472603,0.13957,211,1
12.1023,1.53111,0.478643,0.13957,-211,1
0.0914489,2.86018,2.67681,0.13957,211,1
0.218745,0.757133,1.55013,0.13957,-211,1
0.626674,-2.07781,-1.2018,0.13957,211,1
2.11567,-2.02365,-1.52383,0.13957,-211,1
0.281032,-6.63105,-1.21709,0,22,0
0.0989559,-6.48024,-0.399272,0,22,0
5.99303,1.49438,0.311868,0,22,0
0.505849,1.56849,0.289156,0,22,0
1.05142,-0.530999,-2.5468,0,22,0
9.69124,-0.583041,-2.71053,0,22,0
0.0997467,3.24014,-2.38824,0,22,0
0.163181,2.4788,-1.6571,0,22,0
7.48878,1.55412,0.476018,0,22,0
2.35244,1.57426,0.450947,0,22,0
0.384952,1.55184,0.419049,0,22,0
0.134857,1.90567,0.897361,0,22,0
0.0984885,-2.51882,2.82305,0,22,0
0.0584114,-1.95128,-1.45798,0,22,0
0.0501379,0.406318,-2.26845,0,22,0
0.382605,-0.0360688,-1.37224,0,22,0
0.433017,0.191066,-1.17176,0,22,0
0.0483589,-0.515701,-1.77184,0,22,0
1.1704,-0.288734,-2.2422,0.93957,2112,0
4.23122,-0.423568,-2.42519,0.93827,-2212,1
0.381414,-0.276239,-2.50446,0.13957,211,1
0.409629,2.34605,-1.89471,0,22,0
0.0161987,1.90108,2.54194,0,22,0
17.9525,-0.435773,-2.61171,0.49368,321,1
1.8389,-0.183882,-2.59151,0,22,0
0.511996,-0.292728,-2.67809,0,22,0
0.775788,0.514256,-2.83331,0.13957,211,1
0.6737,0.316041,-2.6719,0.13957,-211,1
0.0717061,0.165122,-2.94358,0,22,0
0.164691,1.20812,2.73661,0,22,0
0.187987,0.0654816,2.6604,0,22,0
0.247343,0.649421,2.45743,0,22,0
0.00952956,-1.19763,-1.61354,0,22,0
0.38008,0.168977,2.65809,0,22,0
0.0537452,-4.29892,2.28257,0,22,0
0.255781,-4.93859,-3.01098,0,22,0
1.09201,4.92922,1.83266,0.93827,2212,1
0.30439,4.44782,1.76216,0.13957,-211,1
0.028932,3.5379,2.74719,0,22,0
0.169246,4.93327,-2.25075,0,22,0
0.497391,4.3888,-2.75406,0,22,0
0.147077,4.76129,0.193411,0,22,0
0.0772439,-1.69881,-2.31033,0,22,0
0.368402,-2.36954,-1.89103,0,22,0
0.186745,-1.92088,-2.16933,0,22,0
0.0993437,-1.13939,-1.57799,0,22,0
0.111129,-2.03188,-2.00612,0,22,0
0.0985185,-1.08894,-1.13821,0,22,0
0.222675,-6.70778,0.41546,0,22,0
0.162889,-6.62999,1.13536,0,22,0
0.145441,-6.03851,-2.1579,0,22,0
0.20809,-6.13114,-2.94868,0,22,0
0.153947,-0.650032,2.22452,0,22,0
0.19103,-1.04256,1.52986,0,22,0
0.159492,-4.49756,0.194674,0,22,0
0.0827679,-3.41122,0.477252,0,22,0
0.18923,-3.60332,-0.589639,0,22,0
0.225588,-4.24535,-0.605642,0,22,0
0.0673291,-3.54187,0.411808,0,22,0
0.228944,-4.18641,1.30872,0,22,0
0.0362779,0.53385,0.015558,0,22,0
0.168799,-0.313476,-1.6621,0,22,0
0.148607,-0.428991,-2.64016,0,22,0
0.799922,-0.533408,-2.26059,0,22,0
1.05692,-0.608033,-2.34262,0,22,0
0.179136,-0.299351,-2.35631,0,22,0
4.05703,-0.510058,-2.35072,0,22,0
0.885689,-0.511576,-2.42192,0,22,0
0.146245,-3.30865,-2.88477,0,22,0
0.0277986,-2.11171,1.37785,0,22,0
0.163963,-2.77763,-1.07337,0,22,0
0.21169,-3.38262,-0.686767,0,22,0
3.8701,1.9192,0.260825,0,22,0
0.0454349,1.67685,0.472384,0,22,0
0.315262,1.71912,0.441286,0,22,0
0.499379,1.73025,0.099621,0,22,0
0.0901724,-3.778,0.359175,0,22,0
0.202354,-3.99835,1.37711,0,22,0
0.140691,1.433,-2.17614,0,22,0
0.337425,0.826284,-2.11089,0,22,0
0.374255,0.294857,-2.24105,0,22,0
0.376871,0.488007,-2.54512,0,22,0
0.0537087,3.55577,1.35319,0,22,0
0.0479125,5.69912,0.681087,0,22,0
0.16051,2.8186,-0.771167,0,22,0
0.0283934,2.78965,2.31511,0,22,0
0.38475,-1.60049,-2.64259,0,22,0
0.578079,-1.86017,-2.52378,0,22,0
0.141974,-1.43288,-2.56536,0,22,0
0.034433,0.276143,-2.71503,0,22,0
48.0878,1.54897,0.470543,0.49368,321,1
36.2092,1.55355,0.470591,0.49368,-321,1
57.7129,1.5434,0.478588,0.13957,211,1
0.915681,1.57576,0.557033,0,22,0
0.0721535,1.40921,0.0537852,0,22,0
2.20079,1.56509,0.490776,0,22,0
7.50751,1.55679,0.458621,0,22,0
16.0309,-0.593236,-2.60637,0.49368,321,1
1.10052,-0.592263,-2.50798,0.13957,-211,1
4.04574,-0.580607,-2.58022,0,22,0
2.11154,-0.603398,-2.62039,0,22,0
0.0234054,-1.24256,1.31799,0,22,0
0.110336,0.477107,-2.69118,0,22,0
4.75333,-0.523412,-2.54657,0.000511,11,1
1.94295,-0.499111,-2.71297,0,22,0
0.820965,-0.47572,-2.60864,0,22,0
0.0346429,0.331664,-0.95405,0,22,0
0.17573,0.666543,-2.98023,0,22,0
21.6991,1.54074,0.466234,0,22,0
11.9477,1.53397,0.461284,0,22,0
10.8103,-0.588203,-2.6041,0,22,0
1.14947,-0.595875,-2.56659,0,22,0
45.2234,-0.582082,-2.60079,0,22,0
0.608968,-0.557318,-2.60775,0,22,0
7.38166,-0.355543,-2.63281,0.49368,-321,1
9.65545,-0.457806,-2.65454,0.13957,211,1
0.999323,-0.376778,-2.69533,0,22,0
0.376918,-0.547013,-2.55621,0,22,0
2.01499,-0.514677,-2.46737,0,22,0
0.294404,-0.682011,-2.51882,0,22,0
5.18063,-0.418402,-2.61053,0,22,0
8.41374,-0.43872,-2.60825,0,22,0
1.67634,-0.340276,-2.59464,0,22,0
2.02321,-0.413553,-2.59501,0,22,0
225.222.

