1.09761,-1.80049,-2.92381,0.13957,-211,1
0.339792,-2.85622,-0.728277,0.49368,321,1
1.76239,-0.460151,-1.59937,0.93957,2112,0
1.55611,-0.869741,-2.00431,0.93957,-2112,0
1.6516,-5.09598,0.55102,0.13957,211,1
0.33226,4.18324,2.33887,0.13957,-211,1
0.721885,4.30867,0.388045,0.13957,211,1
2.76757,-0.014595,1.57573,0.93957,2112,0
4.01683,-0.234346,1.58928,0.93957,-2112,0
0.106264,-3.1186,2.76622,0.13957,211,1
0.19556,-3.61208,-0.0334762,0.13957,-211,1
1.28351,0.918301,2.17108,0.13957,211,1
2.13234,0.88706,2.39478,0.93957,-2112,0
3.79145,0.0700162,1.3112,0.13957,211,1
1.19937,-0.0990183,1.85092,0.13957,-211,1
0.183297,-0.783155,0.693257,0.13957,211,1
1.23838,-0.134416,2.06483,0.13957,-211,1
0.433252,0.1964,2.89561,0.49368,321,1
0.360701,-0.0100809,2.93588,0.13957,211,1
0.800911,2.11658,2.69225,0.93957,-2112,0
1.97316,1.93871,1.79673,0.13957,-211,1
0.967737,1.74816,1.25057,0.13957,211,1
9.39409,-0.256736,-0.33051,0.13957,-211,1
3.469,-0.375535,-0.45958,0.13957,-211,1
9.76751,-0.391245,-0.407394,0.13957,211,1
8.16905,-0.199637,-0.449789,0.13957,211,1
21.3746,-0.297856,-0.478076,0.13957,-211,1
14.9398,-0.274917,-0.631028,0.49368,321,1
0.34325,-1.76291,2.60805,0.13957,-211,1
0.2027,-2.88756,1.35294,0.13957,211,1
1.27502,-1.67701,-0.709842,0.13957,211,1
1.07493,-1.76787,-2.16781,0.93957,2112,0
2.1641,-1.8826,-2.81039,0.93827,-2212,1
0.556095,-1.59286,-2.89246,0.13957,211,1
4.88834,-2.40538,-2.19509,0.13957,211,1
2.48154,-2.66475,-2.48758,0.49368,-321,1
0.0830309,-2.0532,-1.27692,0.13957,211,1
0.0701804,-2.61332,1.01861,0.13957,-211,1
0.015653,2.43494,2.54246,0.13957,-211,1
0.186803,-2.90068,-0.281033,0.13957,211,1
0.332906,4.83335,-0.663341,0.13957,211,1
0.221532,3.94454,-2.4916,0.13957,-211,1
0.282484,3.62604,-3.04651,0.13957,211,1
0.298737,4.21679,0.680427,0.13957,-211,1
0.175844,2.35006,-0.0618558,0.13957,211,1
0.403687,1.48756,1.18058,0.13957,-211,1
0.438199,1.47393,-2.59154,0.13957,211,1
1.38109,1.415,-2.82363,0.93957,2112,0
4.14886,0.878068,-2.68258,0.49368,-321,1
0.39375,1.66046,-2.80466,0.13957,211,1
2.19939,1.09973,-2.44184,0.13957,-211,1
1.646,1.0589,-2.73468,0.13957,-211,1
6.72486,1.16048,-2.70946,0.13957,211,1
1.66878,2.02145,2.29682,0.13957,211,1
0.413281,2.50217,2.73988,0.93957,2112,0
0.194369,0.817227,2.81351,0.93827,-2212,1
0.441282,0.119537,-0.969496,0.13957,211,1
2.78157,-0.344429,0.336138,0.13957,-211,1
2.31096,-0.472846,0.425489,0.13957,-211,1
0.80837,1.68328,-1.18125,0.49368,-321,1
1.3651,2.62422,-1.32223,0.93827,2212,1
0.779008,2.58542,-0.518358,0.93957,-2112,0
1.07041,5.03652,-2.03426,0.49368,321,1
0.552891,5.10966,2.55358,0.13957,-211,1
0.712816,5.09202,-2.27544,0.13957,-211,1
0.13664,6.33809,0.625892,0.13957,211,1
0.75583,4.09421,2.41121,0.13957,-211,1
1.1426,3.69237,-1.57624,0.13957,211,1
0.123538,5.53811,2.08626,0.93957,2112,0
0.0764623,3.20372,-0.112345,0.13957,211,1
0.617617,2.75719,-1.8424,0.13957,-211,1
0.981061,2.4302,3.09394,0.13957,211,1
2.20392,1.94572,1.77789,0.13957,-211,1
2.70645,1.97289,1.12712,0.13957,211,1
0.538742,5.04747,-2.13485,0.49368,321,1
1.33074,3.19534,-3.02642,0.13957,-211,1
0.363956,1.78498,0.985353,0.13957,211,1
0.865308,1.01605,3.10668,0.13957,-211,1
0.816479,1.57764,2.96188,0.13957,211,1
1.05058,0.569751,2.05325,0.13957,-211,1
0.763276,0.269199,-0.658869,0.13957,-211,1
0.336359,0.214523,0.113149,0.13957,-211,1
0.21316,-0.235259,-2.0332,0.13957,211,1
0.338007,1.34954,0.243393,0.13957,-211,1
0.681802,-0.480263,0.222639,0.13957,211,1
1.32037,0.939081,-0.578855,0.13957,-211,1
0.322826,0.600858,1.22834,0.13957,211,1
0.102663,1.67562,-1.12532,0.13957,-211,1
0.201364,2.97259,-2.21363,0.13957,211,1
1.32979,1.28978,-1.05906,0.13957,-211,1
0.815802,1.96232,-0.436544,0.13957,211,1
0.484398,4.77008,-1.38693,0.93957,2112,0
1.03988,4.71666,0.290191,0.93827,-2212,1
0.444682,3.97886,-0.292492,0.13957,211,1
0.743713,4.80801,-0.510415,0.13957,-211,1
0.164499,6.24316,-2.13135,0.13957,-211,1
0.0871993,6.9631,-0.302485,0.13957,211,1
0.0511306,7.44713,-2.87522,0.13957,-211,1
0.786766,3.09194,1.83971,0.13957,-211,1
0.341095,4.18161,-2.40206,0.49368,321,1
0.286901,3.72637,-1.01339,0.13957,211,1
0.360928,1.40657,2.45659,0.13957,-211,1
0.408138,0.916276,2.9762,0.93827,2212,1
0.169804,-0.778177,-1.46516,0.13957,-211,1
157.03,-1.34642,-3.06117,0.49368,-321,1
2.1636,2.92721,1.26283,0.13957,-211,1
4.56968,2.67615,1.34659,0.93827,2212,1
2.00005,2.75465,1.35846,0.93827,-2212,1
1.20504,2.27591,1.65813,0.13957,211,1
0.625915,2.04432,0.0149077,0.13957,-211,1
0.693465,2.43282,2.32139,0.49368,321,1
1.63739,1.30857,3.1405,0.49368,-321,1
0.170488,1.71279,1.75974,0.13957,211,1
38.2782,0.587667,2.57509,0.49368,-321,1
3.20712,0.568103,2.53848,0.13957,-211,1
10.6191,0.68279,2.43755,0.93957,-2112,0
2.566,0.568296,2.45146,0.93957,2112,0
3.6318,0.810137,2.50612,0.93827,-2212,1
1.2113,1.71212,3.13993,0.49368,-321,1
0.808323,1.73291,2.46731,0.13957,211,1
0.222583,0.641151,-1.10828,0.49368,-321,1
0.192632,-2.1915,2.62116,0.93827,2212,1
0.161694,-4.09956,-1.44278,0.93827,-2212,1
0.364622,-1.92475,1.83373,0.13957,211,1
0.170448,-5.23736,2.74315,0.13957,-211,1
0.349035,-3.96137,-2.30476,0.13957,-211,1
1.34224,-3.51746,-1.72095,0.49368,-321,1
1.05153,-1.19028,-1.2214,0.49368,321,1
0.751038,-1.28753,-0.0542318,0.49368,-321,1
0.619608,-3.33393,-1.5037,0.49368,321,1
0.262758,-4.70055,3.03303,0.49368,321,1
0.170345,0.259505,-2.09391,0.13957,211,1
0.431348,2.72945,-1.34309,0.13957,-211,1
0.594661,2.21141,1.36274,0.93827,2212,1
0.112079,3.66376,-2.20902,0.93827,-2212,1
0.335288,2.98822,-1.58502,0.13957,211,1
0.307514,3.44504,-0.854526,0.13957,-211,1
1.58779,5.62223,2.51617,0.93827,2212,1
0.230152,6.73669,1.75299,0.93957,-2112,0
0.158705,-5.59057,-1.08996,0.49368,321,1
0.883463,-2.66416,-1.0681,0.13957,211,1
2.47044,-1.6867,-0.480694,0.13957,-211,1
0.0649437,-3.25689,1.04236,0.13957,211,1
1.67778,-1.94848,-0.418969,0.13957,-211,1
0.339772,-1.82383,0.0431405,0.13957,211,1
3.17118,-1.46967,0.0876263,0.13957,-211,1
2.53168,-1.47989,0.171765,0.13957,211,1
0.633128,-1.70351,-0.039769,0.13957,-211,1
0.831542,-1.46553,0.314743,0.49368,321,1
1.07448,-0.691876,-0.118131,0.13957,-211,1
0.556723,-0.562308,0.808334,0.49368,321,1
2.83919,-0.134856,-0.239688,0.49368,-321,1
4.29357,-0.197641,-0.465301,0.93827,2212,1
7.78055,-0.169107,-0.329384,0.93827,2212,1
0.924535,0.607486,-0.465613,0.93957,2112,0
1.94707,0.547156,-0.341006,0.93827,-2212,1
1.21885,0.695599,-0.0457879,0.13957,-211,1
0.436854,-0.765974,0.882438,0.13957,211,1
0.403904,-2.47555,0.98689,0.13957,-211,1
1.9449,-0.898116,1.2207,0.13957,211,1
2.49164,-2.26614,0.944081,0.49368,321,1
3.16934,-2.94258,1.86605,0.49368,-321,1
2.26599,-3.45251,1.25487,0.49368,-321,1
0.435476,-4.98356,0.999692,0.49368,321,1
0.326055,-7.05019,1.37293,0.49368,-321,1
0.678981,-5.91272,3.10448,0.13957,-211,1
0.214362,-7.52427,0.634121,0.93827,2212,1
0.127206,-5.39574,1.80737,0.93827,2212,1
0.250215,-4.91844,1.45198,0.93827,-2212,1
0.485917,0.834329,-1.01438,0.49368,-321,1
1.82851,3.46686,1.54066,0.13957,-211,1
0.29444,6.14476,0.307479,0.13957,211,1
0.482477,4.63249,1.02605,0.13957,-211,1
0.558386,-4.63227,-0.0137743,0.13957,211,1
0.160768,-6.88919,-0.201366,0.13957,-211,1
0.344551,-6.41161,-1.11127,0.13957,211,1
0.896744,-5.0408,-0.53025,0.49368,-321,1
0.683547,-1.8392,-3.06123,0.49368,-321,1
0.679935,0.142466,-3.05617,0.13957,211,1
0.257982,-0.764175,-0.196297,0.13957,-211,1
0.669843,0.832358,2.13901,0.13957,211,1
0.753896,4.15352,-0.258727,0.13957,-211,1
1.01062,3.34725,0.11136,0.13957,-211,1
0.274683,4.14819,-0.598894,0.13957,211,1
0.285847,5.05305,-0.693202,0.13957,-211,1
0.310958,3.74533,-0.549438,0.13957,211,1
1.14462,4.12022,0.726802,0.93957,2112,0
0.454161,4.46537,2.84679,0.13957,211,1
2.80147,-0.195998,-1.8619,0.13957,211,1
3.05507,0.00424664,-1.53918,0.13957,-211,1
1.00592,-4.62266,0.305476,0.13957,211,1
0.608392,-4.71036,-0.585884,0.13957,-211,1
0.320084,-7.51563,-0.185789,0.93957,2112,0
0.106476,6.85048,0.64589,0.13957,211,1
10.6132,-0.0930889,1.4829,0.13957,211,1
0.631601,-1.102,2.56112,0.49761,130,0
0.361594,-1.84767,2.8625,0.13957,-211,1
0.256578,-4.14321,-1.47394,0.49368,321,1
0.0827653,-5.40544,0.514685,0.13957,-211,1
0.685604,-3.83601,2.25627,0.49761,130,0
0.482036,-1.70683,1.29486,0.13957,211,1
0.754995,0.0137947,-0.525638,0.93957,2112,0
0.666359,-0.525627,-0.894258,0.13957,-211,1
1.40194,1.19422,-0.715132,0.93957,-2112,0
0.408552,0.612137,-0.757192,0.13957,211,1
2.16837,0.848471,2.68526,0.93957,2112,0
0.0603291,2.32893,2.46049,0.13957,-211,1
0.312073,1.28584,-3.04077,0.13957,-211,1
0.293535,-0.0433039,0.455658,0.13957,211,1
1.04003,-0.00530743,0.419223,0.13957,-211,1
0.587716,-0.307354,1.99498,0.13957,-211,1
0.893867,0.5841,-2.94872,0.49368,321,1
0.9176,0.59783,-1.9865,0.13957,-211,1
1.03475,0.713256,-2.67256,0.13957,-211,1
0.0695959,2.17983,1.55412,0.13957,211,1
3.17271,1.08838,-1.89821,0.49368,-321,1
0.733496,1.37029,-2.06914,0.13957,211,1
1.28945,1.06415,2.56064,0.49368,321,1
0.401043,1.85653,2.64727,0.13957,-211,1
4.78625,-0.208843,-0.505211,0.13957,211,1
2.57346,-0.0772436,-0.592651,0.13957,-211,1
13.7086,-0.214305,-0.671818,0.49761,130,0
0.756178,-0.301308,-0.932767,0.13957,-211,1
1.25937,-2.13214,-0.762618,0.93957,2112,0
0.204937,-3.28806,0.446609,0.13957,-211,1
1.15599,-2.49148,-0.954613,0.93957,-2112,0
2.02934,-1.21975,-2.63198,0.13957,211,1
0.225149,-1.95765,-1.95283,0.13957,-211,1
0.940299,-2.11555,-3.12687,0.13957,-211,1
1.71308,-2.43372,-2.01951,0.49368,321,1
0.484373,-2.61136,-2.64773,0.13957,-211,1
0.921788,-1.69492,2.05224,0.13957,211,1
0.45729,-2.37598,-2.96093,0.13957,-211,1
0.632617,-1.60095,2.21194,0.13957,211,1
0.600358,-0.977918,2.68828,0.13957,211,1
1.51066,-1.3253,2.13548,0.13957,-211,1
0.478333,-2.21562,2.51443,0.13957,211,1
2.62044,-1.59466,2.58314,0.13957,-211,1
1.27514,-2.08769,0.540684,0.49761,130,0
0.953202,0.957299,-1.96529,0.13957,-211,1
3.60279,1.05364,-2.85385,0.13957,211,1
1.86159,1.38919,-3.06413,0.13957,211,1
11.1402,1.24746,-2.98515,0.13957,-211,1
0.0692382,3.80374,1.92303,0.13957,-211,1
0.690085,1.42766,1.24744,0.13957,211,1
2.6491,1.84133,1.90741,0.93827,-2212,1
0.617784,1.5869,2.34186,0.13957,-211,1
0.28858,-2.08571,-1.81154,0.13957,211,1
0.590712,-3.22564,1.7272,0.13957,-211,1
2.42529,-0.257958,0.0699956,0.93957,2112,0
0.179196,-0.796074,1.0619,0.13957,-211,1
10.4122,-0.288495,0.505829,0.93957,-2112,0
1.65656,-0.302894,0.67678,0.13957,211,1
1.94737,-0.419383,0.48126,0.13957,211,1
0.46952,-0.159968,-0.161234,0.13957,-211,1
0.391184,-0.558232,-0.102428,0.13957,211,1
0.50333,0.124358,-0.489028,0.13957,-211,1
0.348458,1.99649,-2.10332,0.13957,211,1
0.487503,2.7015,-0.983165,0.49761,130,0
0.613945,4.38196,-2.72948,0.13957,-211,1
0.827749,5.16563,-3.05586,0.93957,-2112,0
0.152409,6.15204,-1.80129,0.13957,211,1
2.21974,4.49969,2.72413,0.13957,211,1
0.598878,4.39456,2.09239,0.13957,-211,1
0.522415,3.88548,-2.87523,0.13957,211,1
0.616303,2.2373,-1.33779,0.13957,-211,1
0.938483,3.55867,-1.60973,0.93827,-2212,1
0.25938,4.36123,-2.56342,0.13957,211,1
0.299757,2.48225,2.75326,0.13957,-211,1
1.57753,2.70957,2.65394,0.49761,130,0
0.306515,2.35348,-2.58438,0.49368,321,1
0.526814,2.77215,2.06882,0.13957,-211,1
0.541436,2.63086,2.09063,0.13957,211,1
1.55448,1.82543,1.58643,0.13957,-211,1
1.85529,2.13592,0.832623,0.13957,-211,1
0.631062,1.49827,1.64722,0.13957,211,1
0.710346,1.16503,0.0639505,0.13957,-211,1
0.710532,5.76333,-2.65333,0.13957,-211,1
0.0978182,6.39842,-0.0422426,0.49368,-321,1
0.204125,3.50582,0.437696,0.13957,211,1
1.15594,0.757911,2.84285,0.13957,-211,1
1.83552,1.05973,3.07633,0.13957,211,1
0.416229,1.55289,1.68207,0.49761,130,0
3.02974,1.07542,2.74545,0.49368,-321,1
1.15993,1.13127,3.08333,0.13957,211,1
0.68887,-0.0423096,0.599711,0.49368,321,1
0.272709,0.302601,-0.889203,0.13957,-211,1
0.111951,-1.14999,2.15151,0.13957,211,1
0.255671,-0.625382,2.73879,0.49368,321,1
0.256435,0.659449,-0.19645,0.13957,-211,1
0.526119,-0.0616667,0.0595462,0.13957,211,1
0.315703,1.18193,1.10574,0.93827,-2212,1
0.211781,0.376385,-0.755707,0.13957,211,1
1.07659,2.48945,0.408092,0.13957,211,1
0.573413,2.89382,1.06264,0.13957,-211,1
0.718817,3.23672,0.230133,0.49761,130,0
2.01345,3.17738,0.606766,0.49761,130,0
0.166523,4.178,2.90523,0.13957,211,1
0.575232,3.65391,0.971972,0.49368,-321,1
0.145613,-2.19461,3.08262,0.93827,-2212,1
0.284835,0.0272001,2.64145,0.13957,211,1
0.300145,-0.32634,1.28883,0.13957,211,1
1.48676,-0.00661139,2.2088,0.49761,130,0
0.680396,-0.717312,-2.82176,0.13957,-211,1
2.07174,-1.30135,-3.06902,0.13957,211,1
1.01983,-0.915271,-2.78074,0.13957,-211,1
10.3788,-1.17766,3.06451,0.13957,211,1
2.38557,-1.29405,3.01952,0.13957,211,1
8.30329,-1.15135,3.08652,0.13957,-211,1
6.8524,-1.4125,-3.11054,0.13957,211,1
6.05523,-1.31961,-3.07708,0.13957,-211,1
21.8662,-1.37964,-3.0627,0.13957,-211,1
15.5533,-1.38436,-3.05174,0.13957,211,1
5.08378,0.514708,2.53314,0.13957,-211,1
17.1449,0.563757,2.56082,0.49368,321,1
11.3028,0.636117,2.58233,0.93827,2212,1
10.5253,0.574571,2.58132,0.13957,211,1
0.878964,0.863573,2.53752,0.13957,211,1
0.602744,1.22435,2.1154,0.49761,130,0
0.952339,2.96776,2.8071,0.93957,2112,0
0.916078,-4.34274,-3.00199,0.49761,130,0
0.569293,-3.48205,1.536,0.13957,211,1
0.411527,-4.90602,3.00568,0.13957,-211,1
0.395513,-4.88737,2.12832,0.13957,211,1
0.123952,-3.82532,-0.917639,0.13957,-211,1
1.17079,-4.87347,-1.57798,0.13957,211,1
0.33368,-5.36702,2.7222,0.13957,211,1
0.360861,-3.67474,3.02943,0.13957,-211,1
0.510175,-4.13219,-2.3214,0.13957,211,1
1.97163,-4.43339,-2.23403,0.49761,130,0
1.09795,-4.14868,-1.36272,0.49368,-321,1
0.252931,-3.51715,-0.494929,0.13957,211,1
0.988312,-3.64662,-2.1404,0.49368,321,1
0.171605,-3.11398,-0.788275,0.13957,-211,1
3.10823,-3.06789,-0.896922,0.13957,211,1
0.801595,-0.505473,-0.782252,0.13957,-211,1
0.209436,-1.25215,0.211753,0.13957,211,1
1.69208,-0.936728,-1.31292,0.13957,-211,1
0.703192,-2.98792,-1.81651,0.13957,-211,1
0.123707,-1.46019,-2.88366,0.49368,-321,1
0.414957,-3.5549,-2.27371,0.49368,-321,1
1.26548,-2.1123,-1.67922,0.49368,321,1
1.5534,-1.59457,-1.35017,0.13957,-211,1
0.54181,-2.01505,-0.919675,0.49368,-321,1
0.4125,-2.22634,-1.47379,0.13957,211,1
0.410577,-1.9066,0.642081,0.13957,211,1
1.16414,-1.62524,-0.254082,0.13957,-211,1
1.42852,-1.51681,0.621993,0.13957,211,1
4.43001,-1.51671,0.0746244,0.49761,130,0
3.06118,-1.34812,0.475214,0.49368,-321,1
1.41219,-0.688176,0.706027,0.13957,211,1
1.08147,-1.16821,0.833189,0.13957,-211,1
1.17608,-0.787366,1.32176,0.49368,-321,1
0.905491,-1.2876,1.07517,0.13957,211,1
3.54582,-0.252955,-0.451262,0.13957,211,1
4.04881,-0.28256,-0.322395,0.49368,-321,1
3.50106,-0.148948,-0.185511,0.49761,130,0
6.17364,-0.207208,-0.116649,0.49761,130,0
0.111345,-0.132573,0.346318,0.13957,211,1
0.367764,0.319607,1.12689,0.13957,211,1
0.273713,-0.691749,0.0617578,0.13957,-211,1
0.411615,-1.47123,0.102222,0.49368,321,1
1.5359,-1.04483,1.00838,0.49761,130,0
0.433861,-0.39733,1.44399,0.13957,-211,1
2.25265,-2.08217,1.97627,0.13957,-211,1
1.16126,-2.59471,1.05452,0.49368,321,1
0.733792,-3.58951,-0.248096,0.13957,211,1
0.294481,-4.15263,1.42856,0.13957,-211,1
0.776427,-4.22656,-0.435963,0.49368,-321,1
0.489279,-3.57372,0.16981,0.13957,211,1
0.548999,-4.2893,0.200328,0.49761,130,0
0.175857,-7.58412,3.13867,0.13957,211,1
0.810946,-6.51506,2.53661,0.93827,-2212,1
0.151371,1.41117,1.11597,0.13957,211,1
0.786517,-0.93486,-1.59547,0.13957,-211,1
0.700996,-0.332212,2.02273,0.49368,321,1
0.363909,0.931571,2.44979,0.13957,211,1
1.72051,4.45315,-2.73176,0.13957,211,1
0.174381,4.79164,2.06259,0.13957,-211,1
0.245728,3.78969,0.290118,0.13957,211,1
0.15811,3.37222,-2.92985,0.13957,-211,1
0.211585,7.27112,-3.12835,0.93957,2112,0
0.336477,5.81814,2.01957,0.13957,211,1
0.500904,5.9005,-1.45442,0.93827,-2212,1
0.556035,-5.77812,-0.145101,0.13957,211,1
0.409673,-3.90758,0.191635,0.13957,211,1
0.186029,-6.09671,2.77903,0.13957,-211,1
1.08157,-4.16152,1.97199,0.93827,2212,1
0.245714,-4.58238,-0.328137,0.93827,-2212,1
1.29828,-2.14681,1.28943,0.49761,130,0
0.277499,0.761279,-1.30241,0.93827,2212,1
0.735675,2.07782,-1.01134,0.93827,-2212,1
0.0894333,1.46209,3.09145,0.13957,-211,1
0.314691,2.33898,-0.729761,0.13957,211,1
2.75146,3.47101,0.340926,0.13957,211,1
9.93463,-0.0206419,1.57668,0.49761,130,0
0.883015,0.289287,-2.83483,0.49761,130,0
0.398777,-1.87003,-1.45699,0.49761,130,0
0.699847,1.67662,2.58512,0.49761,130,0
0.0911906,-4.79325,0.122965,0.49761,130,0
0.657865,1.53267,-1.25803,0.49761,130,0
1.38653,-0.142188,2.01756,0.49761,130,0
0.749755,-6.47054,2.21977,0.49761,130,0
0.968259,3.92197,1.7018,0.49761,130,0
1.22025,3.61074,1.93763,0.49761,130,0
2.43203,-0.205015,-1.80382,0,22,0
0.0673375,0.694228,-2.01587,0,22,0
0.50348,0.461762,-1.30599,0,22,0
0.086882,-5.69049,1.73096,0.13957,211,1
0.265241,-5.89054,-1.89984,0.13957,-211,1
0.215373,6.79611,-1.79424,0,22,0
0.326625,6.90002,-2.29773,0,22,0
0.213895,4.74327,-0.685684,0.13957,211,1
0.298874,4.8786,1.10619,0.13957,-211,1
1.30647,5.03841,1.01605,0,22,0
0.351956,4.53846,1.65749,0,22,0
0.185054,0.491515,0.135146,0,22,0
0.299681,-0.0684252,0.217162,0,22,0
0.148002,-2.7113,-1.47529,0.13957,211,1
0.231233,-1.9841,-0.991721,0.13957,-211,1
2.88622,0.660939,2.42874,0.13957,211,1
5.44985,0.737516,2.42269,0.13957,-211,1
0.612018,0.361813,2.46766,0.13957,211,1
0.352912,0.719246,-2.96092,0.13957,-211,1
2.65618,-0.081173,1.42037,0.13957,211,1
1.51766,-0.194059,1.53771,0.13957,-211,1
0.211018,0.349156,-3.03847,0,22,0
0.0974427,0.327392,2.26493,0,22,0
1.23311,1.99104,2.46586,0.13957,211,1
0.202088,1.99475,1.88203,0.13957,-211,1
0.656316,-0.249831,-0.27189,0,22,0
3.4156,-0.144927,-0.437159,0,22,0
0.709695,-0.117783,-0.519519,0,22,0
10.0847,-0.280053,-0.60753,0.13957,211,1
5.93013,-0.283179,-0.655714,0.13957,-211,1
2.9576,-0.219495,-0.80453,0,22,0
0.134952,-0.315935,-0.61361,0,22,0
0.740591,-0.249579,-0.819436,0.13957,211,1
2.30319,-0.299157,-0.665911,0.13957,-211,1
0.0823052,-1.66034,2.50032,0,22,0
0.034573,-3.12421,-1.03253,0,22,0
0.218966,-1.74241,2.95529,0,22,0
0.773594,-1.56857,2.67643,0,22,0
0.2743,-2.02819,1.03528,0.13957,211,1
0.077713,-2.49694,-0.716582,0.13957,-211,1
0.0754825,-2.00692,0.649804,0,22,0
0.389079,-1.24317,0.740105,0,22,0
0.913521,-2.44339,0.746588,0.13957,211,1
0.417936,-2.30192,0.735681,0.13957,-211,1
0.229047,4.50604,2.0223,0,22,0
0.0194291,5.02552,-1.54904,0,22,0
0.0724059,4.37007,-1.06603,0,22,0
0.378894,4.20463,-1.8868,0,22,0
0.432345,3.47684,-1.77573,0,22,0
0.155841,3.20422,-2.22171,0,22,0
0.344898,2.93801,-1.47014,0,22,0
0.0390483,2.07022,-2.23086,0,22,0
3.34361,1.24982,-2.62143,0.93957,-2112,0
0.387706,1.27441,-3.07485,0.13957,211,1
0.962906,1.04021,-2.71165,0.13957,211,1
1.18802,0.881676,-2.37257,0.13957,-211,1
0.100645,1.38711,-1.69575,0,22,0
1.96134,1.35385,-3.02385,0,22,0
0.32862,2.00094,1.51327,0.13957,211,1
0.0941997,2.37081,0.799634,0.13957,-211,1
0.455685,1.08367,-2.65919,0,22,0
0.167031,1.08235,0.243754,0,22,0
0.0408652,2.35631,1.15521,0,22,0
0.151498,1.7,2.97687,0,22,0
1.26094,2.11844,1.96015,0.49368,321,1
1.1332,2.32249,2.02945,0.49368,-321,1
2.31575,2.08641,2.32956,0.93827,2212,1
0.0825237,-0.363329,-2.41302,0,22,0
0.523316,0.190597,-2.74181,0,22,0
0.261722,-2.06698,1.18267,0.13957,211,1
0.0345697,-4.00521,3.03393,0.13957,-211,1
2.17378,-0.1462,0.169724,0.13957,211,1
1.13256,-0.121201,0.344894,0.13957,-211,1
1.48145,-0.405821,0.437076,0,22,0
1.24784,-0.43395,0.341832,0,22,0
4.24511,-0.124941,0.477065,0,22,0
1.58903,-0.33172,0.516867,0,22,0
5.27143,-0.310604,0.421376,0.93957,-2112,0
2.96894,-0.292399,0.424357,0.13957,211,1
1.74598,-0.163417,0.488451,0.13957,211,1
0.406444,-0.385232,0.646571,0.13957,-211,1
0.104187,1.85167,-1.00722,0.13957,211,1
0.292108,1.82139,-1.76689,0.13957,-211,1
1.19445,5.65154,-2.52272,0.93827,2212,1
0.409895,5.57057,-2.46662,0.13957,-211,1
0.0193338,3.52061,2.5763,0,22,0
0.948583,4.45198,2.32779,0,22,0
0.0576271,1.37953,-0.995638,0,22,0
0.0535103,-0.0490945,1.42009,0,22,0
0.343272,6.36713,-1.1933,0,22,0
0.0352705,5.36978,-1.85728,0,22,0
1.03537,5.49121,-2.86775,0.13957,211,1
0.565718,5.34431,2.8742,0.13957,-211,1
0.148927,4.83071,1.75702,0.13957,211,1
0.0929936,3.33674,2.09,0.13957,-211,1
0.119459,0.657861,2.8083,0,22,0
0.0988477,1.80675,2.5405,0,22,0
0.0580314,2.89749,0.254261,0,22,0
0.135759,2.36084,-1.32537,0,22,0
3.12802,-0.321839,-1.31272,0.93827,2212,1
0.922561,0.503658,-0.0126772,0.93957,2112,0
0.212375,-0.55814,0.190521,0.13957,-211,1
0.169993,0.616416,-1.11234,0,22,0
0.859719,0.665116,-0.760826,0,22,0
0.142154,2.16185,-0.160061,0.13957,211,1
0.310835,2.28229,0.359208,0.13957,-211,1
0.0922025,3.1863,1.17187,0.13957,211,1
0.298577,2.70034,-0.154574,0.13957,-211,1
0.621999,2.82831,0.757289,0,22,0
0.0622732,3.48113,0.587207,0,22,0
0.263794,3.25348,1.13379,0,22,0
0.515693,2.95745,1.34787,0,22,0
0.916996,3.94418,0.0567278,0.13957,211,1
0.105402,5.5913,1.77064,0.13957,-211,1
0.0874832,8.15963,-1.10631,0,22,0
0.313771,8.33446,-1.92463,0,22,0
0.0693267,6.18804,-1.64066,0,22,0
0.337761,6.53229,-0.805146,0,22,0
0.0461417,0.140029,-1.58773,0,22,0
0.569864,-0.640154,-1.81783,0,22,0
0.0248173,-2.88367,-1.57816,0,22,0
0.0187364,0.815991,-2.45735,0,22,0
0.628231,-0.371008,-2.47991,0,22,0
0.240535,-0.17934,2.2578,0,22,0
1.81202,-0.937596,3.10039,0,22,0
0.0929142,-1.15122,2.84992,0,22,0
0.922354,-1.21379,-3.10531,0,22,0
3.96433,-1.14451,-3.11881,0,22,0
18.7479,-1.11749,3.11073,0.13957,211,1
14.3361,-1.12411,3.08016,0.13957,-211,1
2.56512,-1.10272,3.10464,0,22,0
9.19514,-1.08051,3.08792,0,22,0
1.97843,-1.17621,3.10279,0.13957,211,1
2.00313,-1.10241,-3.09226,0.13957,-211,1
10.5194,-1.33549,-3.06432,0,22,0
4.16101,-1.34489,-3.04621,0,22,0
0.731323,-1.35822,-3.04202,0,22,0
4.55653,-1.43089,-3.02847,0,22,0
0.588393,2.95486,1.50537,0,22,0
1.26279,2.80256,1.54116,0,22,0
0.886498,2.86213,2.01024,0.13957,211,1
0.505037,2.60786,0.927055,0.13957,-211,1
0.317799,0.321285,2.28373,0.13957,211,1
0.0547724,2.03063,2.40704,0.13957,-211,1
0.337466,0.448875,1.74352,0.13957,211,1
0.273152,1.12096,3.12267,0.13957,-211,1
0.175128,1.17557,2.34077,0,22,0
0.777875,0.91507,2.59741,0,22,0
0.23032,1.0129,-2.29129,0.13957,211,1
0.403762,1.0953,3.0426,0.13957,-211,1
0.413325,1.12401,-1.27884,0.93827,-2212,1
0.0569274,1.47263,0.993708,0.13957,211,1
0.0518451,-1.73526,2.47776,0,22,0
0.181214,-1.5107,-2.29034,0,22,0
0.26719,-3.6047,0.747756,0,22,0
0.0440856,-4.75237,0.466568,0,22,0
0.455668,-5.06463,-0.969812,0,22,0
0.194904,-4.74888,3.04873,0,22,0
0.825806,-3.73139,1.86743,0.13957,211,1
0.13099,-3.97058,1.44744,0.13957,-211,1
0.328675,-3.83323,1.41215,0.13957,211,1
0.0785177,-4.45961,2.8097,0.13957,-211,1
0.208044,-2.82766,-1.25521,0.13957,211,1
0.730374,-3.57334,-1.93094,0.13957,-211,1
1.04608,-0.739652,-0.449394,0.13957,211,1
0.272941,-0.494563,0.451082,0.13957,-211,1
0.246138,-2.25957,-2.66772,0,22,0
0.136226,-1.96855,2.92501,0,22,0
0.160313,0.879653,-2.44372,0,22,0
0.0240594,-0.225952,-0.117165,0,22,0
0.215649,2.08919,-0.804556,0.13957,211,1
0.132105,0.493014,-3.03221,0.13957,-211,1
0.0721168,5.71507,-0.401098,0.13957,211,1
0.474632,4.36824,2.36932,0.13957,-211,1
1.48425,-1.99033,-1.63641,0,22,0
0.0944243,-1.70098,-1.42224,0,22,0
0.392405,-2.19909,-0.795661,0,22,0
0.22491,-2.63776,-0.691198,0,22,0
1.79281,-1.53411,-0.0858042,0,22,0
0.68758,-1.5913,0.0215264,0,22,0
0.215652,-1.53456,-0.308302,0,22,0
0.175336,-2.21489,-0.33805,0,22,0
5.00917,-1.57247,-0.130272,0,22,0
0.792219,-1.57911,-0.197717,0,22,0
0.278383,-1.68718,0.216226,0.13957,211,1
1.25643,-1.65031,0.0791677,0.13957,-211,1
7.13659,-0.107732,-0.345137,0.93957,-2112,0
0.522983,0.114107,-0.340325,0.13957,-211,1
3.43374,-0.260987,-0.124277,0.93827,-2212,1
0.666026,-0.391714,-0.00577072,0.13957,211,1
1.03258,-0.208467,-0.102398,0.13957,211,1
15.9019,-0.133304,-0.0847951,0.13957,211,1
8.87362,-0.134777,-0.101262,0.13957,-211,1
23.8227,-0.176978,-0.0773054,0.93957,-2112,0
8.0979,-0.188857,-0.0516195,0.13957,-211,1
0.634661,1.05339,0.504669,0.13957,211,1
0.155646,1.08078,0.764823,0.13957,-211,1
0.490622,0.52626,-0.245521,0.13957,211,1
0.248271,0.71382,-0.274818,0.13957,-211,1
0.42567,-0.335152,0.495004,0.13957,211,1
0.148502,0.630401,1.29368,0.13957,-211,1
1.26492,-1.70258,0.762733,0,22,0
0.0158157,-2.57356,0.440501,0,22,0
0.0169928,-6.90673,2.26513,0,22,0
0.373501,-5.55933,1.36092,0,22,0
1.57305,4.00271,-1.85195,0,22,0
0.273477,3.70272,-1.05165,0,22,0
0.0310185,4.17795,1.35754,0,22,0
0.340828,5.33808,1.83054,0,22,0
0.0810215,-3.71408,-2.76647,0,22,0
0.023705,-1.66233,-0.287803,0,22,0
0.322955,-4.40293,0.690941,0,22,0
0.128932,-4.9205,1.09829,0,22,0
0.239842,-4.7366,-1.97344,0,22,0
0.22657,-4.50677,-2.51114,0,22,0
0.257383,-3.72419,-2.4677,0,22,0
0.0241526,-4.39341,-0.661726,0,22,0
0.161382,-3.46712,0.318224,0,22,0
0.223931,-3.37303,1.0374,0,22,0
0.0546666,-2.60726,-3.12638,0,22,0
0.483494,-2.13438,2.46367,0,22,0
0.316102,-2.4919,-0.992797,0,22,0
0.663191,-0.00569136,-0.215586,0,22,0
0.256317,-1.06504,0.532848,0,22,0
0.194941,2.55282,0.650714,0,22,0
0.379,1.52751,-1.39569,0,22,0
0.585692,2.77043,2.27234,0,22,0
0.206977,4.20569,2.07941,0,22,0
0.658275,3.23713,0.859129,0.13957,211,1
0.164689,3.40589,-0.0649227,0.13957,-211,1
1.85076,-0.725466,-2.19572,0.13957,211,1
0.392743,-0.552026,-2.53709,0.13957,-211,1
0.00957898,-6.44925,3.10589,0,22,0
0.441469,-7.0734,0.272012,0,22,0
0.453661,6.76443,-1.40139,0,22,0
0.728334,6.70835,-1.17287,0,22,0
8.22594,-0.0180136,1.50137,0,22,0
1.46728,0.0203835,1.50729,0,22,0
0.879676,-0.146895,1.61778,0,22,0
0.577373,-0.281618,1.48466,0,22,0
1.0671,-0.549889,1.49043,0.13957,211,1
1.03707,-0.16245,1.46037,0.13957,-211,1
0.0642166,-0.865491,1.98637,0,22,0
0.98433,-1.26053,1.62363,0,22,0
0.0490611,0.389622,0.281953,0,22,0
0.0998409,0.664749,2.81714,0,22,0
0.111931,0.980453,0.913623,0,22,0
0.204542,1.80448,1.19287,0,22,0
0.0891613,2.96909,-1.35116,0,22,0
0.0246808,1.15102,1.58317,0,22,0
0.303897,-0.37492,1.46797,0,22,0
0.276142,-0.294411,1.00491,0,22,0
0.35346,0.342121,-3.0171,0,22,0
0.985769,0.232302,3.06521,0,22,0
0.0363325,1.50487,-0.709735,0,22,0
0.0832945,-0.268959,0.839731,0,22,0
0.344997,1.26117,-2.02581,0,22,0
0.667377,1.49046,-1.86338,0,22,0
1.3532,1.32399,-2.16657,0.93957,2112,0
1.38319,-0.486371,-0.501811,0,22,0
0.519719,-0.368384,-0.608669,0,22,0
1.17533,-0.24655,-0.266637,0,22,0
0.131916,-0.577551,-0.183266,0,22,0
4.8387,-0.354402,-0.615834,0,22,0
0.850002,-0.416498,-0.591903,0,22,0
0.446143,-2.42955,-1.89862,0.13957,211,1
0.896119,-2.85298,-1.47688,0.13957,-211,1
0.23844,-1.79276,-0.782486,0,22,0
0.536706,-2.15271,-0.889316,0,22,0
0.291441,-1.46875,-0.536333,0,22,0
0.422081,-1.76781,-0.777766,0,22,0
0.643756,-1.51552,-2.42892,0.13957,211,1
1.78923,-1.28232,-2.71423,0.13957,-211,1
0.525726,-2.36723,-2.00843,0,22,0
0.0762937,-1.70635,-2.04535,0,22,0
1.80093,-1.99499,2.84868,0,22,0
0.0256282,-2.2564,-2.85546,0,22,0
0.0582698,-2.9661,-0.862996,0,22,0
0.294766,-2.33575,-0.0331034,0,22,0
0.0200623,0.542811,-1.66578,0,22,0
0.185982,2.28411,-2.7147,0,22,0
5.40806,1.02004,-2.62016,0,22,0
1.55256,0.981705,-2.5937,0,22,0
0.0691844,1.55624,2.33802,0,22,0
0.237104,2.1507,-3.05157,0,22,0
0.40863,1.69849,0.406488,0.13957,211,1
0.101497,2.11797,2.7778,0.13957,-211,1
0.0677764,0.0540669,2.39137,0,22,0
0.26339,-0.917119,2.42148,0,22,0
13.8909,-0.33776,0.516843,0.93827,2212,1
3.07875,-0.359978,0.547445,0.13957,-211,1
0.0777624,-0.620554,1.0317,0,22,0
1.74015,-0.362805,0.770495,0,22,0
0.119655,1.37054,2.76566,0,22,0
0.0759821,1.86012,-2.06728,0,22,0
0.0617821,1.14191,0.322608,0,22,0
0.0873941,2.71359,-0.279727,0,22,0
0.195183,5.26458,-2.49518,0,22,0
0.650835,5.33432,-2.12076,0,22,0
0.184639,3.13474,-1.56499,0,22,0
0.641893,3.23516,-1.94628,0,22,0
0.661434,1.68643,1.25766,0,22,0
1.02344,1.70017,1.094,0,22,0
0.195556,5.97875,0.496195,0,22,0
0.0612859,6.08846,-0.82614,0,22,0
0.120378,1.87524,2.69498,0,22,0
0.559773,1.44631,2.4049,0,22,0
0.0937372,0.78742,2.40231,0,22,0
1.48243,1.06399,2.63551,0,22,0
0.196837,0.231187,1.63585,0,22,0
0.234768,0.795086,1.37478,0,22,0
0.148258,-0.873852,-0.841631,0,22,0
0.453781,-0.846573,-1.36735,0,22,0
0.301619,0.486419,-0.340181,0.93827,-2212,1
0.0738049,0.658523,-2.62524,0.13957,211,1
0.220588,0.628505,1.0021,0,22,0
0.919518,0.370028,0.85149,0,22,0
0.0833808,5.03053,-0.889045,0,22,0
0.316482,5.6781,-0.377279,0,22,0
0.122826,4.2357,-2.36094,0,22,0
0.0575322,3.02488,-1.35812,0,22,0
0.272509,-0.947283,2.01391,0,22,0
0.364808,-0.550753,1.85895,0,22,0
0.0859614,-1.2801,3.10456,0,22,0
6.71651,-1.11882,-3.10452,0,22,0
0.67242,-1.26111,3.07985,0,22,0
0.445807,-1.35393,-2.97446,0,22,0
8.67737,-1.36208,-3.09247,0,22,0
4.40699,-1.34942,-3.11025,0,22,0
3.81315,0.602106,2.59353,0,22,0
4.25354,0.626368,2.57041,0,22,0
3.81466,0.599193,2.49657,0,22,0
1.9282,0.55373,2.51681,0,22,0
1.88381,0.602388,2.41172,0,22,0
2.41043,0.638156,2.464,0,22,0
0.0280644,1.7227,-2.47892,0,22,0
0.659853,2.58551,-2.92077,0,22,0
0.123899,-4.76502,3.03948,0,22,0
0.16975,-4.03255,2.47961,0,22,0
0.178837,-3.90284,-0.985901,0,22,0
0.353817,-4.41508,-0.84523,0,22,0
0.779188,-3.25192,-0.77023,0,22,0
1.02899,-3.2143,-0.624125,0,22,0
0.135013,-2.66702,-1.03661,0,22,0
0.495026,-3.16243,-0.887752,0,22,0
0.118684,-2.11721,-0.510436,0,22,0
0.0425165,-2.64527,1.78471,0,22,0
0.201512,-3.34274,0.989284,0,22,0
0.0587625,-3.80313,-0.236144,0,22,0
0.343548,-1.48286,-0.223037,0,22,0
0.441392,-1.64082,0.0866609,0,22,0
0.177866,-1.62796,0.720266,0,22,0
0.192894,-1.31327,1.38933,0,22,0
0.49893,-0.0538165,-0.395687,0,22,0
2.04912,0.0792539,-0.386353,0,22,0
0.990616,-0.0217988,-0.388001,0,22,0
1.46441,-0.123123,-0.340206,0,22,0
1.07977,0.894469,0.0534524,0,22,0
0.711557,0.777337,-0.0464792,0,22,0
0.0669501,0.790185,0.395635,0,22,0
0.933583,0.972363,-0.118148,0,22,0
1.01084,0.36186,-0.260246,0,22,0
0.244872,0.297572,-0.524592,0,22,0
0.0696272,-0.396882,1.1245,0,22,0
0.129821,0.145054,2.55215,0,22,0
0.04284,-1.11156,1.61324,0,22,0
0.698749,-1.60295,1.00186,0,22,0
0.749145,-2.1193,0.795233,0,22,0
0.0184118,-2.52532,1.92916,0,22,0
0.00896036,-4.20741,0.148734,0,22,0
0.0491743,-0.475631,-1.20681,0,22,0
0.0194429,-4.74836,-0.0476877,0,22,0
0.317264,-6.17241,0.718578,0,22,0
0.161987,-5.30775,-1.63506,0,22,0
0.0947782,-5.73774,-2.68166,0,22,0
0.183892,0.462697,0.310389,0,22,0
0.0753976,1.33757,1.03205,0,22,0
0.817752,1.48676,-1.81314,0,22,0
0.122158,1.82097,-1.54845,0,22,0
0.212993,3.78177,2.5316,0,22,0
0.0804656,4.13765,1.52231,0,22,0
0.544103,-4.8576,0.222916,0,22,0
0.328611,-5.16631,0.146477,0,22,0
0.243803,-3.56908,0.752617,0,22,0
0.0217435,-3.90723,1.37673,0.000511,11,1
0.142516,-3.82716,1.38058,0.000511,-11,1
0.145319,-4.24246,-1.06229,0,22,0
0.217122,-3.96739,-0.338571,0,22,0
0.0294445,3.0504,-2.95012,0,22,0
0.0427842,0.377364,1.80739,0,22,0
0.265701,3.95119,2.05879,0,22,0
0.0834226,3.20607,2.55435,0,22,0
0.0088453,1.21682,1.34369,0,22,0
0.134436,4.0646,1.46423,0,22,0
1.2448,0.287468,2.365,0.13957,211,1
0.139763,0.154195,1.80005,0.13957,-211,1
0.312413,0.95488,-0.890218,0.13957,211,1
0.0720602,-0.468944,-3.12781,0.13957,-211,1
0.536295,-2.6087,1.53145,0.13957,211,1
0.285206,-2.15486,0.643394,0.13957,-211,1
0.389633,-2.80029,-0.361655,0.13957,211,1
0.0896018,-3.96185,1.91564,0.13957,-211,1
0.677783,-5.86698,1.72483,0.13957,211,1
0.424883,-6.3672,2.31085,0.13957,-211,1
0.482855,0.236802,-1.40754,0,22,0
0.529458,0.143737,-1.6584,0,22,0
0.0994754,-6.9536,1.75995,0,22,0
0.046372,-5.51013,3.06681,0,22,0
0.190924,5.36795,0.232067,0,22,0
0.0673715,5.48744,1.05345,0.000511,11,1
0.129485,5.51182,0.842435,0.000511,-11,1
0.237035,-1.15824,2.73984,0,22,0
0.0635549,-1.79106,-2.61892,0,22,0
3.4476,0.784719,2.36135,0,22,0
0.01705,1.22137,2.01874,0,22,0
0.136757,0.794909,2.15713,0,22,0
0.108101,0.628384,0.995329,0,22,0
3.17966,-0.0882284,1.49134,0,22,0
5.00112,-0.117558,1.47444,0,22,0
0.0251655,3.47749,-1.95982,0,22,0
0.154416,2.46049,1.85629,0,22,0
4.29842,-0.278308,-0.215873,0.13957,-211,1
13.0908,-0.262179,-0.237075,0.13957,-211,1
0.745757,0.321269,-0.542406,0.13957,211,1
3.86522,-0.288583,-0.651207,0,22,0
4.13834,-0.31678,-0.669752,0,22,0
1.04356,-0.288392,-0.500021,0,22,0
2.79328,-0.30135,-0.57803,0,22,0
0.197556,-2.64583,0.866898,0,22,0
0.640703,-2.29406,1.00455,0,22,0
0.497348,-2.66897,0.682563,0,22,0
0.196196,-2.68837,1.11766,0,22,0
0.777732,1.19481,-2.47991,0,22,0
0.386542,1.2881,-2.70821,0,22,0
0.288901,2.37444,1.61331,0,22,0
0.0830546,2.56567,0.735289,0,22,0
0.0499644,1.0462,2.45403,0,22,0
0.186526,2.0343,1.46766,0,22,0
0.158887,-0.898594,-0.124081,0,22,0
0.214004,-1.4716,0.325116,0,22,0
0.234405,-0.427836,-0.39937,0,22,0
0.0771357,0.117393,0.465784,0,22,0
3.34941,-0.32599,0.45144,0,22,0
0.0704993,-0.583333,0.55428,0,22,0
0.0356506,0.937055,-1.38244,0,22,0
0.112767,2.19733,2.96059,0,22,0
0.0110301,4.27715,2.71449,0,22,0
0.416255,5.91621,-2.7568,0,22,0
0.250242,4.22043,2.97047,0,22,0
0.126068,4.24836,2.19148,0,22,0
0.0516629,-1.22834,-2.01691,0,22,0
0.328586,-0.268722,-1.73394,0,22,0
0.443502,1.70365,0.205475,0,22,0
0.0665259,1.35325,0.923269,0,22,0
0.0851899,3.69934,-0.435837,0,22,0
0.14854,2.78347,0.317146,0,22,0
0.00625221,4.58531,-2.46364,0,22,0
0.465702,2.97476,-0.338893,0,22,0
0.297847,3.20123,-0.580142,0,22,0
0.213278,3.15106,-0.0404227,0,22,0
0.187196,2.85274,0.0564136,0,22,0
0.0214044,1.09753,0.844495,0,22,0
2.87471,-1.08149,3.08153,0,22,0
0.888275,-1.1619,3.10735,0,22,0
3.23759,-1.15886,-3.09753,0,22,0
0.197703,-1.01035,3.10582,0,22,0
0.510355,-1.0144,3.00678,0,22,0
0.172141,-0.718691,-2.92926,0,22,0
0.210402,-1.05789,-2.6578,0,22,0
0.409591,-1.00825,-3.11899,0,22,0
1.21598,-1.05256,3.10309,0,22,0
0.435464,-1.23205,-3.13419,0,22,0
0.591157,0.290925,2.13631,0,22,0
0.13188,0.0360744,-0.536823,0,22,0
0.202782,1.68325,2.26751,0,22,0
0.130676,1.03805,2.77968,0,22,0
0.17407,1.40322,1.65418,0,22,0
0.111148,1.78827,2.57621,0,22,0
0.329358,1.25484,1.71534,0.93827,2212,1
0.0771348,1.05411,-0.417406,0.13957,-211,1
0.0788484,-0.299512,-1.23273,0,22,0
0.0739589,0.263556,3.06879,0,22,0
0.335188,-0.589288,2.5151,0.93827,-2212,1
0.022542,1.71118,-1.7403,0.13957,211,1
0.0821634,-0.592921,-2.19352,0,22,0
0.0853172,-0.334964,-0.353387,0,22,0
0.355088,-3.94342,2.79277,0,22,0
0.0304018,-4.89514,1.92203,0,22,0
0.0828973,-4.99335,-1.15183,0,22,0
0.168914,-4.2632,-0.260056,0,22,0
0.298091,-3.54748,-1.26681,0,22,0
0.161464,-3.34699,-1.85689,0,22,0
0.210654,-0.309966,0.0922663,0,22,0
0.175251,-0.252789,-0.62307,0,22,0
0.0612366,1.4723,1.10587,0,22,0
0.122821,0.76349,2.62597,0,22,0
0.172627,4.63202,1.76428,0,22,0
0.177405,5.29708,2.13529,0,22,0
0.105281,-5.67533,0.435651,0,22,0
0.0284562,-4.02178,2.34522,0,22,0
0.0400028,-3.45137,-2.05222,0,22,0
0.0698206,-5.30005,2.653,0,22,0
0.174664,-4.52681,1.98119,0,22,0
0.0842515,-5.52565,1.58532,0,22,0
1.15709,-1.69566,-0.206207,0,22,0
1.03592,-1.80141,-0.142902,0,22,0
0.726432,-1.70079,-0.148831,0,22,0
1.58987,-1.6706,-0.270825,0,22,0
3.5694,-1.72198,-0.187489,0,22,0
1.44363,-1.76032,-0.14204,0,22,0
0.430096,-1.35158,0.082662,0,22,0
0.486475,-1.62341,-0.0302329,0,22,0
1.38534,-0.111024,-0.0297501,0.13957,-211,1
3.15986,-0.184457,-0.0337175,0,22,0
1.00952,-0.138101,-0.0934119,0,22,0
38.5646,-0.159711,-0.0812349,0.49368,321,1
179.688,-0.156254,-0.0737972,0.13957,-211,1
0.0943999,0.00621501,-0.642268,0,22,0
0.161867,-0.314159,-1.74004,0,22,0
0.0595223,-0.82352,-0.12356,0,22,0
0.0374201,1.48104,0.122968,0,22,0
0.107692,-0.312845,-1.83831,0,22,0
0.261855,-0.46426,-1.02685,0,22,0
0.507882,0.749855,0.204797,0,22,0
1.14464,0.898794,0.109278,0,22,0
0.011294,-3.79422,0.144842,0,22,0
0.0785334,-0.684202,-0.131267,0,22,0
0.0959802,-4.36748,0.855876,0,22,0
0.187753,-4.57903,-0.17165,0,22,0
0.191158,-4.92463,-0.789455,0,22,0
0.225782,-4.72255,-0.161817,0,22,0
0.22952,-4.42664,-0.631201,0,22,0
0.250435,-4.97844,-0.562718,0,22,0
0.295858,-2.75998,2.56293,0,22,0
0.177812,-2.19865,2.71436,0,22,0
0.625003,3.79776,0.497313,0,22,0
0.00971597,3.09252,-1.31689,0,22,0
0.0453555,-0.913353,-0.742506,0,22,0
0.0936079,-1.8415,1.58033,0,22,0
0.857425,-1.11002,0.571972,0,22,0
0.182839,-1.33727,0.826339,0,22,0
0.197403,1.33995,-1.72904,0,22,0
0.0441096,0.0462756,-1.31125,0,22,0
0.0317081,-1.66308,-1.3112,0,22,0
0.112764,-2.82933,1.16568,0,22,0
0.0402742,-1.39536,-1.66062,0,22,0
0.419981,-2.29999,-1.20792,0,22,0
0.0602855,2.39798,-2.22328,0,22,0
0.125216,1.63966,-0.747391,0,22,0
0.0754897,1.91562,2.15753,0,22,0
0.182362,0.857606,2.46811,0,22,0
0.124877,2.25956,1.4553,0,22,0
0.0176368,4.21946,-2.71435,0,22,0
0.833514,2.26802,1.61697,0,22,0
0.581778,2.19347,1.79612,0,22,0
2.23842,-1.35707,-3.05434,0,22,0
118.001,-1.34969,-3.05814,0,22,0
114.958,-1.35206,-3.06073,0,22,0
37.9491,-1.35009,-3.0602,0,22,0
0.747542,-3.17248,2.29302,0,22,0
0.330352,-3.02767,2.52325,0,22,0
0.502657,-2.54284,2.37891,0,22,0
0.046077,-3.31279,2.78666,0,22,0
0.462144,-5.07669,0.0719242,0,22,0
0.232455,-5.4855,0.0603249,0,22,0
0.0364495,-4.28152,-2.3912,0,22,0
0.0696008,-6.24086,-0.847306,0,22,0
0.0592564,-1.48783,-1.15046,0,22,0
0.16259,-0.594838,-0.080751,0,22,0
0.336093,-0.100871,0.00437184,0,22,0
0.485311,0.00127244,-0.315199,0,22,0
0.0200152,-4.39603,-0.832308,0,22,0
0.199079,-2.60996,-1.50761,0,22,0
0.169211,-2.99635,1.60942,0,22,0
0.0340335,-1.4123,1.31865,0,22,0
1.91723,-0.319452,-0.200053,0.13957,211,1
13.9601,-0.189213,-0.0417745,0.93827,2212,1
3.48361,-0.173313,-0.0148047,0.13957,-211,1
4.68672,-0.142723,-0.0757832,0,22,0
23.1268,-0.163918,-0.0824542,0,22,0
13.3991,-0.170401,-0.0865497,0,22,0
4.73371,-0.159513,-0.0530526,0,22,0
1.38804,-0.212056,-0.056447,0,22,0
0.0623893,1.3632,-1.68068,0,22,0
0.0840071,0.0109918,-0.440027,0,22,0
0.0222629,0.345101,-1.22765,0,22,0
0.314654,0.999111,0.422078,0,22,0
0.100063,1.3295,-1.1364,0,22,0
0.119668,1.05398,0.15329,0,22,0
6.61393,-0.33683,-0.22083,0.49368,-321,1
11.7853,-0.2964,-0.19177,0.13957,211,1
5.21708,-0.256338,-0.249917,0.13957,211,1
10.0359,-0.297741,-0.171953,0.13957,-211,1
62.222,-0.176415,-0.0942338,0.13957,211,1
43.9678,-0.157921,-0.076068,0.49368,321,1
5.9635,-0.185665,-0.0527835,0.13957,-211,1
151.815.

