      NEVENTS = 10000

      EVENT_NORM = 'sum'

      ISEED = 16383

      LPP(1) = 1

      LPP(2) = 1

      EBEAM(1) = 6.5000000000D+03

      EBEAM(2) = 6.5000000000D+03

      PDLABEL = 'nn23lo1'

      LHAPDFID(0) = 1

      LHAPDFID(1) = 230000

      LHAPDFSETNAME(1) = 'internal_use_only'

      SHOWER_MC = 'HERWIG6'

      SHOWER_SCALE_FACTOR = 1.0000000000D+00

      FIXED_REN_SCALE = .FALSE.

      FIXED_FAC_SCALE = .FALSE.

      MUR_REF_FIXED = 9.1118000000D+01

      MUF1_REF_FIXED = 9.1118000000D+01

      MUF_REF_FIXED = 9.1118000000D+01

      MUF2_REF_FIXED = 9.1118000000D+01

      DYN_SCALE(0) = 1

      DYN_SCALE(1) = -1

      FIXED_QES_SCALE = .FALSE.

      QES_REF_FIXED = 9.1118000000D+01

      MUR_OVER_REF = 1.0000000000D+00

      MUF_OVER_REF = 1.0000000000D+00

      MUF1_OVER_REF = 1.0000000000D+00

      MUF2_OVER_REF = 1.0000000000D+00

      QES_OVER_REF = 1.0000000000D+00

      LSCALEVAR(1) = .TRUE.

      RW_RSCALE_DOWN = -1.0000000000D+00

      RW_RSCALE_UP = -1.0000000000D+00

      RW_FSCALE_DOWN = -1.0000000000D+00

      RW_FSCALE_UP = -1.0000000000D+00

      SCALEVARR(0) = 3.0000000000D+00

      SCALEVARR(1) = 1.0000000000D+00

      SCALEVARR(2) = 2.0000000000D+00

      SCALEVARR(3) = 5.0000000000D-01

      SCALEVARF(0) = 3.0000000000D+00

      SCALEVARF(1) = 1.0000000000D+00

      SCALEVARF(2) = 2.0000000000D+00

      SCALEVARF(3) = 5.0000000000D-01

      LPDFVAR(1) = .FALSE.

      PDF_SET_MIN = 244601

      PDF_SET_MAX = 244700

      STORE_RWGT_INFO = .FALSE.

      ICKKW = 0

      BWCUTOFF = 1.5000000000D+01

      JETALGO = 1.0000000000D+00

      JETRADIUS = 7.0000000000D-01

      PTJ = 2.0000000000D+01

      ETAJ = 5.0000000000D+00

      PTL = 1.0000000000D+01

      ETAL = 2.5000000000D+00

      DRLL = 4.0000000000D-01

      DRLL_SF = 0.0000000000D+00

      MLL = 0.0000000000D+00

      MLL_SF = 3.0000000000D+01

      PTGMIN = 0.0000000000D+00

      ETAGAMMA = -1.0000000000D+00

      R0GAMMA = 4.0000000000D-01

      XN = 1.0000000000D+00

      EPSGAMMA = 1.0000000000D+00

      ISOEM = .TRUE.

      MAXJETFLAVOR = 4

      IAPPL = 0

      FO_LHE_WEIGHT_RATIO = 1.0000000000D-03

      PDG_CUT(0) = 1

      PDG_CUT(1) = 0

      PTMIN4PDG(0) = 1.0000000000D+00

      PTMIN4PDG(1) = 0.0000000000D+00

      PTMAX4PDG(0) = 1.0000000000D+00

      PTMAX4PDG(1) = -1.0000000000D+00

      MXXMIN4PDG(0) = 1.0000000000D+00

      MXXMIN4PDG(1) = 0.0000000000D+00

      MXXPART_ANTIPART(1) = .FALSE.

