EVPREFIX=events.lhe
NEVENTS=10000
NEVENTS_TOT=10000
MCMODE=HERWIG6
PDLABEL=nn23nlo
ALPHAEW=132.507
TMASS=173.0
TWIDTH=1.4915
ZMASS=91.188
ZWIDTH=2.441404
WMASS=80.419
WWIDTH=2.0476
HGGMASS=125.0
HGGWIDTH=0.006382339
beammom1=6500.0
beammom2=6500.0
BEAM1=1
BEAM2=1
DMASS=0.32
UMASS=0.32
SMASS=0.5
CMASS=1.55
BMASS=4.95
EMASS=0.000510999
MUMASS=0.105658
TAUMASS=1.77682
GMASS=0.75
EVENT_NORM=average
LHAPDFPATH=
PDFCODE=0
ICKKW=0
PTJCUT=10.0
